source;target;label
0;1;89.10
0;2;21.36
0;3;15.58
0;4;76.86
0;5;30.55
0;6;62.99
0;7;83.13
0;8;85.22
0;9;44.84
0;10;3.86
0;11;91.01
0;12;99.40
0;13;38.16
0;14;67.27
0;17;98.42
1;0;89.10
1;2;2.32
1;3;93.50
1;4;90.46
1;5;51.75
1;6;61.58
1;7;52.29
1;8;10.69
1;9;72.53
1;10;43.34
1;11;90.58
1;12;98.57
1;13;24.84
1;14;94.44
1;16;1.18
2;0;21.36
2;1;2.32
2;3;94.30
2;4;96.62
2;5;18.53
2;6;50.09
2;7;9.63
2;8;69.53
2;9;75.12
2;10;22.61
2;11;81.72
2;12;31.54
2;13;98.93
2;14;12.87
2;16;3.74
3;0;15.58
3;1;93.50
3;2;94.30
3;4;7.70
3;5;70.70
3;6;38.76
3;7;11.47
3;8;45.84
3;9;70.69
3;10;83.91
3;11;75.16
3;12;95.71
3;13;11.19
3;14;77.68
3;19;31.70
4;0;76.86
4;1;90.46
4;2;96.62
4;3;7.70
4;5;63.36
4;6;75.49
4;7;25.21
4;8;93.06
4;9;5.21
4;10;87.10
4;11;90.23
4;12;84.39
4;13;50.54
4;14;95.51
4;21;15.24
5;0;30.55
5;1;51.75
5;2;18.53
5;3;70.70
5;4;63.36
5;6;97.10
5;7;5.70
5;8;92.43
5;9;36.22
5;10;90.87
5;11;98.38
5;12;65.89
5;13;11.51
5;14;42.10
5;25;66.05
6;0;62.99
6;1;61.58
6;2;50.09
6;3;38.76
6;4;75.49
6;5;97.10
6;7;58.80
6;8;38.76
6;9;15.57
6;10;79.36
6;11;23.12
6;12;77.54
6;13;31.47
6;14;17.94
6;17;51.30
7;0;83.13
7;1;52.29
7;2;9.63
7;3;11.47
7;4;25.21
7;5;5.70
7;6;58.80
7;8;30.40
7;9;10.14
7;10;84.21
7;11;22.37
7;12;60.52
7;13;3.66
7;14;48.54
7;22;21.90
8;0;85.22
8;1;10.69
8;2;69.53
8;3;45.84
8;4;93.06
8;5;92.43
8;6;38.76
8;7;30.40
8;9;40.16
8;10;64.72
8;11;68.66
8;12;82.08
8;13;31.04
8;14;61.26
8;41;15.12
9;0;44.84
9;1;72.53
9;2;75.12
9;3;70.69
9;4;5.21
9;5;36.22
9;6;15.57
9;7;10.14
9;8;40.16
9;10;41.03
9;11;94.98
9;12;18.32
9;13;65.32
9;14;39.01
9;17;21.13
10;0;3.86
10;1;43.34
10;2;22.61
10;3;83.91
10;4;87.10
10;5;90.87
10;6;79.36
10;7;84.21
10;8;64.72
10;9;41.03
10;11;57.01
10;12;99.14
10;13;53.12
10;14;34.78
10;37;5.47
11;0;91.01
11;1;90.58
11;2;81.72
11;3;75.16
11;4;90.23
11;5;98.38
11;6;23.12
11;7;22.37
11;8;68.66
11;9;94.98
11;10;57.01
11;12;40.62
11;13;21.90
11;14;22.08
11;23;76.33
12;0;99.40
12;1;98.57
12;2;31.54
12;3;95.71
12;4;84.39
12;5;65.89
12;6;77.54
12;7;60.52
12;8;82.08
12;9;18.32
12;10;99.14
12;11;40.62
12;13;42.41
12;14;26.65
12;34;64.57
13;0;38.16
13;1;24.84
13;2;98.93
13;3;11.19
13;4;50.54
13;5;11.51
13;6;31.47
13;7;3.66
13;8;31.04
13;9;65.32
13;10;53.12
13;11;21.90
13;12;42.41
13;14;40.75
13;17;2.07
14;0;67.27
14;1;94.44
14;2;12.87
14;3;77.68
14;4;95.51
14;5;42.10
14;6;17.94
14;7;48.54
14;8;61.26
14;9;39.01
14;10;34.78
14;11;22.08
14;12;26.65
14;13;40.75
14;25;76.93
15;16;28.23
15;17;80.82
15;18;32.90
15;20;94.66
15;22;92.72
15;23;68.47
15;24;85.73
15;27;3.27
15;28;38.13
15;32;2.01
15;33;32.70
15;34;6.11
15;37;29.15
15;43;29.26
15;57;79.16
16;1;1.18
16;2;3.74
16;15;28.23
16;17;81.89
16;18;49.38
16;19;100.07
16;22;65.89
16;23;34.10
16;24;42.14
16;27;20.64
16;28;59.76
16;29;5.74
16;35;8.48
16;53;26.67
16;59;8.68
17;0;98.42
17;6;51.30
17;9;21.13
17;13;2.07
17;15;80.82
17;16;81.89
17;18;11.44
17;19;97.80
17;20;53.42
17;22;53.64
17;23;44.64
17;31;2.07
17;35;56.69
17;53;49.56
17;87;89.36
18;15;32.90
18;16;49.38
18;17;11.44
18;19;30.84
18;20;30.96
18;21;45.17
18;22;3.03
18;23;100.72
18;24;78.03
18;26;11.96
18;27;40.04
18;29;20.60
18;33;3.19
18;39;92.20
18;41;53.71
19;3;31.70
19;16;100.07
19;17;97.80
19;18;30.84
19;20;91.82
19;21;54.08
19;22;57.04
19;24;48.74
19;25;71.05
19;29;72.42
19;31;27.00
19;32;55.93
19;34;62.80
19;38;98.31
19;46;9.13
20;15;94.66
20;17;53.42
20;18;30.96
20;19;91.82
20;21;66.03
20;22;18.74
20;23;52.79
20;27;48.12
20;31;90.86
20;35;20.88
20;39;25.38
20;41;71.46
20;46;16.11
20;65;17.36
20;85;10.40
21;4;15.24
21;18;45.17
21;19;54.08
21;20;66.03
21;25;33.16
21;26;72.77
21;27;60.94
21;28;68.24
21;31;24.74
21;36;81.64
21;39;72.86
21;40;36.01
21;47;27.52
21;64;19.07
21;69;17.62
22;7;21.90
22;15;92.72
22;16;65.89
22;17;53.64
22;18;3.03
22;19;57.04
22;20;18.74
22;24;75.69
22;25;26.12
22;26;11.04
22;30;27.92
22;31;27.33
22;39;89.25
22;44;87.43
22;47;63.10
23;11;76.33
23;15;68.47
23;16;34.10
23;17;44.64
23;18;100.72
23;20;52.79
23;28;29.87
23;29;51.22
23;33;18.72
23;36;19.56
23;37;82.78
23;38;95.09
23;40;13.15
23;44;36.77
23;46;48.03
24;15;85.73
24;16;42.14
24;18;78.03
24;19;48.74
24;22;75.69
24;25;46.68
24;26;74.16
24;27;58.82
24;28;33.71
24;32;37.73
24;33;5.02
24;41;18.27
24;43;58.22
24;44;85.86
24;46;100.35
25;5;66.05
25;14;76.93
25;19;71.05
25;21;33.16
25;22;26.12
25;24;46.68
25;26;6.15
25;28;67.07
25;29;69.35
25;40;82.87
25;41;80.14
25;43;63.13
25;49;45.33
25;60;27.49
25;61;41.63
26;18;11.96
26;21;72.77
26;22;11.04
26;24;74.16
26;25;6.15
26;27;15.40
26;29;71.66
26;33;65.00
26;34;81.37
26;35;31.74
26;37;44.61
26;38;72.46
26;41;53.53
26;102;16.16
26;107;57.28
27;15;3.27
27;16;20.64
27;18;40.04
27;20;48.12
27;21;60.94
27;24;58.82
27;26;15.40
27;29;38.71
27;35;88.27
27;38;83.08
27;40;16.84
27;45;39.90
27;58;94.25
27;64;67.32
27;108;32.80
28;15;38.13
28;16;59.76
28;21;68.24
28;23;29.87
28;24;33.71
28;25;67.07
28;30;72.04
28;33;33.93
28;34;51.63
28;36;2.90
28;40;65.56
28;42;77.38
28;43;31.19
28;47;78.41
28;54;50.17
29;16;5.74
29;18;20.60
29;19;72.42
29;23;51.22
29;25;69.35
29;26;71.66
29;27;38.71
29;30;52.61
29;31;48.81
29;32;86.59
29;33;47.60
29;34;14.80
29;36;63.42
29;41;24.22
29;43;44.31
30;22;27.92
30;28;72.04
30;29;52.61
30;31;50.41
30;32;59.96
30;34;13.42
30;35;36.58
30;37;17.46
30;38;69.08
30;39;28.44
30;48;46.67
30;53;98.49
30;58;41.37
30;61;60.60
30;70;79.80
31;17;2.07
31;19;27.00
31;20;90.86
31;21;24.74
31;22;27.33
31;29;48.81
31;30;50.41
31;32;8.91
31;38;12.97
31;43;87.33
31;50;29.43
31;58;60.26
31;67;6.65
31;82;50.83
31;93;40.76
32;15;2.01
32;19;55.93
32;24;37.73
32;29;86.59
32;30;59.96
32;31;8.91
32;33;25.18
32;36;35.74
32;37;32.20
32;40;11.04
32;41;88.77
32;51;17.06
32;61;27.43
32;65;39.34
32;70;100.03
33;15;32.70
33;18;3.19
33;23;18.72
33;24;5.02
33;26;65.00
33;28;33.93
33;29;47.60
33;32;25.18
33;34;53.25
33;35;93.36
33;38;38.02
33;39;55.70
33;40;15.20
33;55;33.43
33;95;83.57
34;12;64.57
34;15;6.11
34;19;62.80
34;26;81.37
34;28;51.63
34;29;14.80
34;30;13.42
34;33;53.25
34;35;59.29
34;38;40.64
34;41;36.17
34;45;15.52
34;47;98.21
34;48;66.38
34;78;62.12
35;16;8.48
35;17;56.69
35;20;20.88
35;26;31.74
35;27;88.27
35;30;36.58
35;33;93.36
35;34;59.29
35;36;88.47
35;37;73.08
35;40;28.49
35;46;99.34
35;50;44.73
35;55;95.12
35;58;97.38
36;21;81.64
36;23;19.56
36;28;2.90
36;29;63.42
36;32;35.74
36;35;88.47
36;39;71.78
36;41;2.83
36;48;39.89
36;49;62.68
36;54;90.37
36;64;50.45
36;65;8.51
36;68;46.79
36;89;82.00
37;10;5.47
37;15;29.15
37;23;82.78
37;26;44.61
37;30;17.46
37;32;32.20
37;35;73.08
37;41;89.66
37;42;1.21
37;45;5.16
37;46;18.47
37;51;6.95
37;52;52.32
37;54;66.61
37;72;94.29
38;19;98.31
38;23;95.09
38;26;72.46
38;27;83.08
38;30;69.08
38;31;12.97
38;33;38.02
38;34;40.64
38;39;30.78
38;41;10.55
38;43;77.42
38;44;69.76
38;51;95.42
38;57;74.08
38;60;39.35
39;18;92.20
39;20;25.38
39;21;72.86
39;22;89.25
39;30;28.44
39;33;55.70
39;36;71.78
39;38;30.78
39;40;4.51
39;43;51.56
39;45;5.82
39;53;73.64
39;60;55.02
39;68;51.04
39;78;61.29
40;21;36.01
40;23;13.15
40;25;82.87
40;27;16.84
40;28;65.56
40;32;11.04
40;33;15.20
40;35;28.49
40;39;4.51
40;41;100.28
40;42;99.72
40;45;86.28
40;51;58.65
40;68;95.60
40;84;85.05
41;8;15.12
41;18;53.71
41;20;71.46
41;24;18.27
41;25;80.14
41;26;53.53
41;29;24.22
41;32;88.77
41;34;36.17
41;36;2.83
41;37;89.66
41;38;10.55
41;40;100.28
41;47;83.10
41;61;8.52
42;28;77.38
42;37;1.21
42;40;99.72
42;43;79.14
42;45;56.97
42;46;29.95
42;47;99.76
42;49;86.10
42;56;53.57
42;60;76.16
42;64;6.84
42;66;100.82
42;72;86.70
42;76;47.15
42;92;43.95
43;15;29.26
43;24;58.22
43;25;63.13
43;28;31.19
43;29;44.31
43;31;87.33
43;38;77.42
43;39;51.56
43;42;79.14
43;44;63.03
43;46;32.99
43;48;5.58
43;52;41.74
43;61;9.51
43;65;88.26
44;22;87.43
44;23;36.77
44;24;85.86
44;38;69.76
44;43;63.03
44;47;33.83
44;49;63.73
44;50;80.87
44;52;12.83
44;54;25.65
44;55;10.85
44;58;5.63
44;64;10.15
44;68;52.47
44;93;85.34
45;27;39.90
45;34;15.52
45;37;5.16
45;39;5.82
45;40;86.28
45;42;56.97
45;47;71.78
45;49;36.14
45;51;13.32
45;53;97.91
45;55;10.18
45;58;32.53
45;68;86.56
45;77;5.91
45;85;43.00
46;19;9.13
46;20;16.11
46;23;48.03
46;24;100.35
46;35;99.34
46;37;18.47
46;42;29.95
46;43;32.99
46;52;13.82
46;53;76.05
46;61;64.23
46;62;95.83
46;73;14.66
46;83;85.01
46;101;55.81
47;21;27.52
47;22;63.10
47;28;78.41
47;34;98.21
47;41;83.10
47;42;99.76
47;44;33.83
47;45;71.78
47;48;32.70
47;49;22.00
47;53;56.65
47;54;43.97
47;57;49.19
47;59;74.75
47;81;92.10
48;30;46.67
48;34;66.38
48;36;39.89
48;43;5.58
48;47;32.70
48;49;54.75
48;50;51.18
48;51;12.54
48;53;93.62
48;61;54.61
48;70;53.87
48;72;94.84
48;73;83.82
48;78;35.63
48;94;59.27
49;25;45.33
49;36;62.68
49;42;86.10
49;44;63.73
49;45;36.14
49;47;22.00
49;48;54.75
49;50;91.70
49;52;19.90
49;53;58.91
49;55;8.59
49;59;68.33
49;65;56.28
49;72;34.99
49;88;61.06
50;31;29.43
50;35;44.73
50;44;80.87
50;48;51.18
50;49;91.70
50;51;47.12
50;53;8.51
50;56;39.71
50;60;19.93
50;61;32.64
50;62;36.75
50;65;73.68
50;66;12.78
50;69;28.09
50;72;98.04
51;32;17.06
51;37;6.95
51;38;95.42
51;40;58.65
51;45;13.32
51;48;12.54
51;50;47.12
51;54;73.82
51;55;34.07
51;59;54.64
51;60;13.23
51;61;76.89
51;80;74.83
51;85;9.34
51;103;56.43
52;37;52.32
52;43;41.74
52;44;12.83
52;46;13.82
52;49;19.90
52;53;16.45
52;58;97.13
52;59;61.53
52;60;3.13
52;62;7.04
52;64;58.87
52;76;93.25
52;77;65.97
52;80;32.46
52;97;58.32
53;16;26.67
53;17;49.56
53;30;98.49
53;39;73.64
53;45;97.91
53;46;76.05
53;47;56.65
53;48;93.62
53;49;58.91
53;50;8.51
53;52;16.45
53;56;34.46
53;58;6.80
53;63;8.65
53;83;47.10
54;28;50.17
54;36;90.37
54;37;66.61
54;44;25.65
54;47;43.97
54;51;73.82
54;55;30.71
54;56;38.00
54;57;35.69
54;59;55.64
54;62;7.79
54;63;16.57
54;83;88.77
54;86;85.33
54;137;65.56
55;33;33.43
55;35;95.12
55;44;10.85
55;45;10.18
55;49;8.59
55;51;34.07
55;54;30.71
55;60;90.32
55;61;22.78
55;65;48.30
55;69;41.41
55;76;77.13
55;84;82.02
55;85;77.22
55;100;32.91
56;42;53.57
56;50;39.71
56;53;34.46
56;54;38.00
56;57;45.57
56;60;12.77
56;61;85.55
56;62;58.61
56;64;17.74
56;68;73.88
56;69;31.27
56;72;66.10
56;79;33.87
56;86;28.88
56;94;26.26
57;15;79.16
57;38;74.08
57;47;49.19
57;54;35.69
57;56;45.57
57;58;67.35
57;60;2.24
57;61;81.17
57;64;37.80
57;65;92.74
57;66;7.70
57;67;83.65
57;75;48.63
57;78;7.20
57;79;67.28
58;27;94.25
58;30;41.37
58;31;60.26
58;35;97.38
58;44;5.63
58;45;32.53
58;52;97.13
58;53;6.80
58;57;67.35
58;60;13.52
58;65;77.64
58;67;24.58
58;75;2.54
58;83;53.91
58;88;14.68
59;16;8.68
59;47;74.75
59;49;68.33
59;51;54.64
59;52;61.53
59;54;55.64
59;60;89.72
59;62;44.74
59;64;64.67
59;67;89.67
59;70;71.51
59;73;1.16
59;75;56.85
59;86;78.82
59;101;24.86
60;25;27.49
60;38;39.35
60;39;55.02
60;42;76.16
60;50;19.93
60;51;13.23
60;52;3.13
60;55;90.32
60;56;12.77
60;57;2.24
60;58;13.52
60;59;89.72
60;64;88.80
60;70;7.35
60;84;49.02
61;25;41.63
61;30;60.60
61;32;27.43
61;41;8.52
61;43;9.51
61;46;64.23
61;48;54.61
61;50;32.64
61;51;76.89
61;55;22.78
61;56;85.55
61;57;81.17
61;63;34.69
61;75;84.97
61;96;63.50
62;46;95.83
62;50;36.75
62;52;7.04
62;54;7.79
62;56;58.61
62;59;44.74
62;65;54.95
62;70;50.80
62;71;53.60
62;72;90.74
62;78;33.05
62;80;58.86
62;81;80.57
62;94;11.01
62;101;81.66
63;53;8.65
63;54;16.57
63;61;34.69
63;64;10.01
63;65;91.95
63;68;64.12
63;69;76.80
63;70;48.95
63;71;34.65
63;72;99.99
63;74;49.89
63;80;38.96
63;81;71.01
63;86;75.72
63;92;45.19
64;21;19.07
64;27;67.32
64;36;50.45
64;42;6.84
64;44;10.15
64;52;58.87
64;56;17.74
64;57;37.80
64;59;64.67
64;60;88.80
64;63;10.01
64;65;81.07
64;66;75.56
64;77;88.24
64;90;82.49
65;20;17.36
65;32;39.34
65;36;8.51
65;43;88.26
65;49;56.28
65;50;73.68
65;55;48.30
65;57;92.74
65;58;77.64
65;62;54.95
65;63;91.95
65;64;81.07
65;88;64.14
65;94;25.52
65;105;20.49
66;42;100.82
66;50;12.78
66;57;7.70
66;64;75.56
66;67;73.64
66;68;62.93
66;69;44.62
66;72;17.32
66;76;80.21
66;77;21.88
66;79;94.28
66;81;35.67
66;83;54.21
66;99;23.79
66;104;5.52
67;31;6.65
67;57;83.65
67;58;24.58
67;59;89.67
67;66;73.64
67;70;33.07
67;71;73.48
67;75;44.72
67;79;10.70
67;81;67.99
67;84;69.25
67;95;39.00
67;96;64.82
67;100;86.64
67;121;44.60
68;36;46.79
68;39;51.04
68;40;95.60
68;44;52.47
68;45;86.56
68;56;73.88
68;63;64.12
68;66;62.93
68;71;81.65
68;74;42.90
68;75;61.25
68;77;99.34
68;78;19.25
68;80;61.98
68;124;27.19
69;21;17.62
69;50;28.09
69;55;41.41
69;56;31.27
69;63;76.80
69;66;44.62
69;70;9.50
69;71;45.10
69;72;4.36
69;80;38.25
69;81;57.61
69;89;19.51
69;92;11.93
69;102;22.64
69;161;73.85
70;30;79.80
70;32;100.03
70;48;53.87
70;59;71.51
70;60;7.35
70;62;50.80
70;63;48.95
70;67;33.07
70;69;9.50
70;71;1.92
70;73;80.56
70;74;75.74
70;75;27.45
70;84;47.90
70;100;8.49
71;62;53.60
71;63;34.65
71;67;73.48
71;68;81.65
71;69;45.10
71;70;1.92
71;72;69.86
71;73;2.78
71;80;51.31
71;83;42.44
71;87;96.35
71;91;5.33
71;92;79.39
71;93;21.82
71;104;80.52
72;37;94.29
72;42;86.70
72;48;94.84
72;49;34.99
72;50;98.04
72;56;66.10
72;62;90.74
72;63;99.99
72;66;17.32
72;69;4.36
72;71;69.86
72;75;68.66
72;82;56.91
72;88;42.37
72;95;26.28
73;46;14.66
73;48;83.82
73;59;1.16
73;70;80.56
73;71;2.78
73;74;75.95
73;75;4.53
73;76;48.12
73;77;54.01
73;78;66.51
73;79;25.88
73;80;13.35
73;81;92.49
73;98;71.50
73;116;68.26
74;63;49.89
74;68;42.90
74;70;75.74
74;73;75.95
74;76;94.65
74;77;73.74
74;79;11.35
74;80;52.45
74;83;17.07
74;85;58.38
74;87;92.00
74;90;78.81
74;93;8.55
74;108;88.08
74;115;57.10
75;57;48.63
75;58;2.54
75;59;56.85
75;61;84.97
75;67;44.72
75;68;61.25
75;70;27.45
75;72;68.66
75;73;4.53
75;78;68.53
75;79;11.58
75;86;21.71
75;87;88.80
75;104;91.94
75;124;82.38
76;42;47.15
76;52;93.25
76;55;77.13
76;66;80.21
76;73;48.12
76;74;94.65
76;79;62.41
76;80;1.33
76;81;68.92
76;82;34.35
76;85;23.52
76;93;38.01
76;95;100.31
76;103;94.73
76;133;13.49
77;45;5.91
77;52;65.97
77;64;88.24
77;66;21.88
77;68;99.34
77;73;54.01
77;74;73.74
77;81;65.41
77;83;3.85
77;84;21.25
77;85;41.99
77;92;55.95
77;112;83.45
77;115;69.07
77;177;62.46
78;34;62.12
78;39;61.29
78;48;35.63
78;57;7.20
78;62;33.05
78;68;19.25
78;73;66.51
78;75;68.53
78;81;64.49
78;85;56.17
78;89;7.29
78;90;70.03
78;92;33.52
78;97;97.96
78;101;59.07
79;56;33.87
79;57;67.28
79;66;94.28
79;67;10.70
79;73;25.88
79;74;11.35
79;75;11.58
79;76;62.41
79;80;67.94
79;81;6.74
79;83;46.01
79;87;79.81
79;88;100.39
79;89;91.46
79;92;13.46
80;51;74.83
80;52;32.46
80;62;58.86
80;63;38.96
80;68;61.98
80;69;38.25
80;71;51.31
80;73;13.35
80;74;52.45
80;76;1.33
80;79;67.94
80;81;93.56
80;84;25.40
80;87;86.36
80;95;30.38
81;47;92.10
81;62;80.57
81;63;71.01
81;66;35.67
81;67;67.99
81;69;57.61
81;73;92.49
81;76;68.92
81;77;65.41
81;78;64.49
81;79;6.74
81;80;93.56
81;87;79.76
81;88;67.16
81;96;83.40
82;31;50.83
82;72;56.91
82;76;34.35
82;83;23.97
82;86;39.29
82;87;44.26
82;88;59.69
82;89;90.27
82;92;71.82
82;93;17.50
82;95;98.76
82;97;90.15
82;103;64.86
82;120;38.91
82;131;19.08
83;46;85.01
83;53;47.10
83;54;88.77
83;58;53.91
83;66;54.21
83;71;42.44
83;74;17.07
83;77;3.85
83;79;46.01
83;82;23.97
83;85;22.89
83;92;29.05
83;93;12.34
83;95;42.34
83;98;92.19
84;40;85.05
84;55;82.02
84;60;49.02
84;67;69.25
84;70;47.90
84;77;21.25
84;80;25.40
84;85;13.78
84;86;95.10
84;87;3.75
84;89;81.57
84;91;2.78
84;92;80.04
84;96;92.62
84;119;98.60
85;20;10.40
85;45;43.00
85;51;9.34
85;55;77.22
85;74;58.38
85;76;23.52
85;77;41.99
85;78;56.17
85;83;22.89
85;84;13.78
85;86;20.08
85;89;98.01
85;90;12.26
85;101;30.96
85;102;73.45
86;54;85.33
86;56;28.88
86;59;78.82
86;63;75.72
86;75;21.71
86;82;39.29
86;84;95.10
86;85;20.08
86;88;71.65
86;91;65.72
86;103;80.95
86;111;24.57
86;115;33.22
86;129;5.89
86;147;10.02
87;17;89.36
87;71;96.35
87;74;92.00
87;75;88.80
87;79;79.81
87;80;86.36
87;81;79.76
87;82;44.26
87;84;3.75
87;90;3.06
87;92;91.71
87;95;36.92
87;100;29.56
87;108;74.92
87;109;97.06
88;49;61.06
88;58;14.68
88;65;64.14
88;72;42.37
88;79;100.39
88;81;67.16
88;82;59.69
88;86;71.65
88;89;17.60
88;92;20.50
88;93;35.00
88;97;3.48
88;101;96.78
88;105;50.33
88;130;17.88
89;36;82.00
89;69;19.51
89;78;7.29
89;79;91.46
89;82;90.27
89;84;81.57
89;85;98.01
89;88;17.60
89;90;77.56
89;96;5.78
89;100;83.35
89;101;11.89
89;107;32.18
89;114;43.72
89;124;47.69
90;64;82.49
90;74;78.81
90;78;70.03
90;85;12.26
90;87;3.06
90;89;77.56
90;91;16.75
90;92;92.35
90;94;17.42
90;95;30.75
90;96;7.24
90;97;15.43
90;98;40.10
90;110;23.86
90;112;52.26
91;71;5.33
91;84;2.78
91;86;65.72
91;90;16.75
91;92;94.93
91;94;50.02
91;95;26.31
91;96;91.45
91;97;74.33
91;101;83.68
91;103;49.31
91;104;90.27
91;112;85.45
91;113;26.90
91;136;30.93
92;42;43.95
92;63;45.19
92;69;11.93
92;71;79.39
92;77;55.95
92;78;33.52
92;79;13.46
92;82;71.82
92;83;29.05
92;84;80.04
92;87;91.71
92;88;20.50
92;90;92.35
92;91;94.93
92;106;78.11
93;31;40.76
93;44;85.34
93;71;21.82
93;74;8.55
93;76;38.01
93;82;17.50
93;83;12.34
93;88;35.00
93;94;4.38
93;95;71.46
93;97;84.76
93;100;24.22
93;108;87.51
93;109;25.05
93;112;57.05
94;48;59.27
94;56;26.26
94;62;11.01
94;65;25.52
94;90;17.42
94;91;50.02
94;93;4.38
94;95;21.02
94;97;9.70
94;98;57.83
94;104;59.53
94;105;25.76
94;116;77.25
94;118;20.30
94;161;78.76
95;33;83.57
95;67;39.00
95;72;26.28
95;76;100.31
95;80;30.38
95;82;98.76
95;83;42.34
95;87;36.92
95;90;30.75
95;91;26.31
95;93;71.46
95;94;21.02
95;97;57.87
95;101;29.75
95;115;33.98
96;61;63.50
96;67;64.82
96;81;83.40
96;84;92.62
96;89;5.78
96;90;7.24
96;91;91.45
96;98;36.52
96;100;61.59
96;101;75.97
96;104;38.99
96;105;90.39
96;112;21.19
96;113;32.07
96;115;80.59
97;52;58.32
97;78;97.96
97;82;90.15
97;88;3.48
97;90;15.43
97;91;74.33
97;93;84.76
97;94;9.70
97;95;57.87
97;102;18.84
97;105;59.88
97;109;42.75
97;112;30.85
97;113;31.09
97;141;62.16
98;73;71.50
98;83;92.19
98;90;40.10
98;94;57.83
98;96;36.52
98;100;70.02
98;102;70.61
98;103;78.04
98;104;34.32
98;105;28.30
98;106;2.26
98;108;18.12
98;120;58.23
98;126;29.37
98;129;24.23
99;66;23.79
99;100;9.24
99;101;99.09
99;102;76.43
99;104;74.61
99;107;56.31
99;108;100.03
99;110;12.40
99;112;42.93
99;116;43.10
99;117;32.95
99;119;84.39
99;124;57.03
99;131;16.23
99;135;78.41
100;55;32.91
100;67;86.64
100;70;8.49
100;87;29.56
100;89;83.35
100;93;24.22
100;96;61.59
100;98;70.02
100;99;9.24
100;105;33.65
100;106;74.55
100;110;69.69
100;111;75.59
100;120;58.48
100;134;48.04
101;46;55.81
101;59;24.86
101;62;81.66
101;78;59.07
101;85;30.96
101;88;96.78
101;89;11.89
101;91;83.68
101;95;29.75
101;96;75.97
101;99;99.09
101;105;98.85
101;113;17.21
101;117;25.72
101;118;86.33
102;26;16.16
102;69;22.64
102;85;73.45
102;97;18.84
102;98;70.61
102;99;76.43
102;104;54.43
102;105;64.57
102;108;26.26
102;112;5.51
102;119;29.02
102;122;22.54
102;124;79.38
102;127;47.96
102;137;51.12
103;51;56.43
103;76;94.73
103;82;64.86
103;86;80.95
103;91;49.31
103;98;78.04
103;104;45.87
103;105;91.60
103;106;49.48
103;107;45.53
103;110;44.29
103;112;66.51
103;117;51.44
103;122;42.13
103;124;16.46
104;66;5.52
104;71;80.52
104;75;91.94
104;91;90.27
104;94;59.53
104;96;38.99
104;98;34.32
104;99;74.61
104;102;54.43
104;103;45.87
104;106;44.04
104;108;87.10
104;116;80.27
104;130;70.46
104;158;19.86
105;65;20.49
105;88;50.33
105;94;25.76
105;96;90.39
105;97;59.88
105;98;28.30
105;100;33.65
105;101;98.85
105;102;64.57
105;103;91.60
105;109;19.85
105;111;60.85
105;113;81.89
105;117;58.61
105;175;74.43
106;92;78.11
106;98;2.26
106;100;74.55
106;103;49.48
106;104;44.04
106;107;43.97
106;108;100.11
106;111;68.34
106;113;81.93
106;115;76.54
106;117;37.26
106;118;47.63
106;121;54.27
106;126;61.32
106;136;65.67
107;26;57.28
107;89;32.18
107;99;56.31
107;103;45.53
107;106;43.97
107;108;51.87
107;110;14.34
107;111;46.46
107;115;4.72
107;121;50.66
107;126;34.64
107;127;22.83
107;140;100.14
107;164;64.29
107;175;78.70
108;27;32.80
108;74;88.08
108;87;74.92
108;93;87.51
108;98;18.12
108;99;100.03
108;102;26.26
108;104;87.10
108;106;100.11
108;107;51.87
108;114;65.64
108;117;85.67
108;120;74.04
108;135;97.37
108;147;46.09
109;87;97.06
109;93;25.05
109;97;42.75
109;105;19.85
109;112;70.08
109;113;98.54
109;114;5.26
109;116;69.11
109;119;10.87
109;121;16.23
109;122;51.07
109;125;64.10
109;126;19.98
109;127;92.63
109;133;100.22
110;90;23.86
110;99;12.40
110;100;69.69
110;103;44.29
110;107;14.34
110;113;66.84
110;114;96.79
110;117;40.47
110;120;68.22
110;129;83.04
110;136;98.74
110;138;100.40
110;146;78.57
110;151;16.36
110;170;41.13
111;86;24.57
111;100;75.59
111;105;60.85
111;106;68.34
111;107;46.46
111;112;80.80
111;113;70.60
111;119;77.30
111;122;63.95
111;124;35.80
111;129;49.44
111;132;63.22
111;134;16.05
111;136;93.09
111;148;52.57
112;77;83.45
112;90;52.26
112;91;85.45
112;93;57.05
112;96;21.19
112;97;30.85
112;99;42.93
112;102;5.51
112;103;66.51
112;109;70.08
112;111;80.80
112;114;14.14
112;117;84.72
112;129;64.63
112;132;6.02
113;91;26.90
113;96;32.07
113;97;31.09
113;101;17.21
113;105;81.89
113;106;81.93
113;109;98.54
113;110;66.84
113;111;70.60
113;115;4.35
113;117;42.02
113;118;87.18
113;119;56.71
113;121;25.67
113;127;88.70
114;89;43.72
114;108;65.64
114;109;5.26
114;110;96.79
114;112;14.14
114;115;42.45
114;116;96.80
114;117;54.29
114;118;50.68
114;119;1.51
114;122;41.28
114;131;70.74
114;135;24.04
114;136;22.54
114;159;80.23
115;74;57.10
115;77;69.07
115;86;33.22
115;95;33.98
115;96;80.59
115;106;76.54
115;107;4.72
115;113;4.35
115;114;42.45
115;116;19.57
115;117;69.82
115;120;6.65
115;121;3.81
115;140;54.23
115;153;31.97
116;73;68.26
116;94;77.25
116;99;43.10
116;104;80.27
116;109;69.11
116;114;96.80
116;115;19.57
116;117;82.77
116;118;89.73
116;119;11.11
116;124;88.73
116;125;48.95
116;126;50.48
116;130;96.42
116;134;50.70
117;99;32.95
117;101;25.72
117;103;51.44
117;105;58.61
117;106;37.26
117;108;85.67
117;110;40.47
117;112;84.72
117;113;42.02
117;114;54.29
117;115;69.82
117;116;82.77
117;120;45.18
117;128;60.96
117;153;49.91
118;94;20.30
118;101;86.33
118;106;47.63
118;113;87.18
118;114;50.68
118;116;89.73
118;120;87.13
118;122;70.69
118;125;25.55
118;127;69.91
118;132;96.38
118;133;87.04
118;146;98.37
118;149;45.93
118;162;35.77
119;84;98.60
119;99;84.39
119;102;29.02
119;109;10.87
119;111;77.30
119;113;56.71
119;114;1.51
119;116;11.11
119;120;68.10
119;121;40.44
119;122;46.80
119;124;91.76
119;138;67.31
119;150;82.87
119;155;55.34
120;82;38.91
120;98;58.23
120;100;58.48
120;108;74.04
120;110;68.22
120;115;6.65
120;117;45.18
120;118;87.13
120;119;68.10
120;123;2.09
120;126;73.46
120;130;66.85
120;131;23.54
120;142;38.31
120;143;17.30
121;67;44.60
121;106;54.27
121;107;50.66
121;109;16.23
121;113;25.67
121;115;3.81
121;119;40.44
121;122;47.73
121;125;46.26
121;127;19.03
121;132;72.75
121;141;83.33
121;148;16.24
121;151;52.50
121;165;69.35
122;102;22.54
122;103;42.13
122;109;51.07
122;111;63.95
122;114;41.28
122;118;70.69
122;119;46.80
122;121;47.73
122;124;74.49
122;126;27.90
122;127;100.12
122;134;95.03
122;136;89.85
122;145;43.80
122;155;11.88
123;120;2.09
123;124;22.32
123;125;86.03
123;126;23.41
123;129;9.27
123;130;35.05
123;134;29.76
123;136;41.59
123;138;81.72
123;139;67.76
123;141;38.55
123;148;91.24
123;149;18.23
123;156;95.22
123;164;83.59
124;68;27.19
124;75;82.38
124;89;47.69
124;99;57.03
124;102;79.38
124;103;16.46
124;111;35.80
124;116;88.73
124;119;91.76
124;122;74.49
124;123;22.32
124;133;73.21
124;135;17.95
124;146;25.67
124;150;39.54
125;109;64.10
125;116;48.95
125;118;25.55
125;121;46.26
125;123;86.03
125;127;25.44
125;129;10.09
125;130;58.47
125;131;24.21
125;133;32.84
125;139;66.99
125;146;63.46
125;153;43.68
125;160;89.55
125;172;11.95
126;98;29.37
126;106;61.32
126;107;34.64
126;109;19.98
126;116;50.48
126;120;73.46
126;122;27.90
126;123;23.41
126;129;28.18
126;130;47.64
126;133;55.96
126;134;8.27
126;140;97.13
126;156;3.59
126;157;64.61
127;102;47.96
127;107;22.83
127;109;92.63
127;113;88.70
127;118;69.91
127;121;19.03
127;122;100.12
127;125;25.44
127;130;64.92
127;132;96.55
127;137;19.23
127;141;80.71
127;142;10.12
127;143;98.49
127;155;77.38
128;117;60.96
128;129;15.98
128;130;64.82
128;133;27.77
128;134;99.40
128;137;27.79
128;138;94.68
128;139;57.12
128;141;20.00
128;143;9.29
128;145;31.52
128;148;67.26
128;150;38.52
128;154;91.21
128;158;32.63
129;86;5.89
129;98;24.23
129;110;83.04
129;111;49.44
129;112;64.63
129;123;9.27
129;125;10.09
129;126;28.18
129;128;15.98
129;130;70.97
129;132;10.33
129;137;30.52
129;138;90.43
129;148;13.43
129;158;55.40
130;88;17.88
130;104;70.46
130;116;96.42
130;120;66.85
130;123;35.05
130;125;58.47
130;126;47.64
130;127;64.92
130;128;64.82
130;129;70.97
130;137;57.71
130;138;13.35
130;140;64.52
130;149;90.84
130;186;90.25
131;82;19.08
131;99;16.23
131;114;70.74
131;120;23.54
131;125;24.21
131;133;74.08
131;134;13.09
131;136;38.78
131;137;97.17
131;138;61.29
131;139;58.12
131;140;22.06
131;144;17.27
131;147;77.12
131;171;67.01
132;111;63.22
132;112;6.02
132;118;96.38
132;121;72.75
132;127;96.55
132;129;10.33
132;133;36.29
132;134;91.82
132;136;94.16
132;137;37.57
132;138;78.46
132;143;71.47
132;144;22.95
132;156;56.88
132;166;20.41
133;76;13.49
133;109;100.22
133;118;87.04
133;124;73.21
133;125;32.84
133;126;55.96
133;128;27.77
133;131;74.08
133;132;36.29
133;134;96.69
133;135;43.78
133;136;97.57
133;145;37.95
133;159;31.24
133;161;25.13
134;100;48.04
134;111;16.05
134;116;50.70
134;122;95.03
134;123;29.76
134;126;8.27
134;128;99.40
134;131;13.09
134;132;91.82
134;133;96.69
134;136;30.05
134;139;45.73
134;149;48.94
134;151;85.11
134;157;58.01
135;99;78.41
135;108;97.37
135;114;24.04
135;124;17.95
135;133;43.78
135;136;41.90
135;137;35.39
135;138;51.84
135;139;3.30
135;140;37.10
135;146;68.58
135;148;44.39
135;157;76.85
135;159;27.49
135;180;84.60
136;91;30.93
136;106;65.67
136;110;98.74
136;111;93.09
136;114;22.54
136;122;89.85
136;123;41.59
136;131;38.78
136;132;94.16
136;133;97.57
136;134;30.05
136;135;41.90
136;139;26.46
136;143;72.00
136;153;73.09
137;54;65.56
137;102;51.12
137;127;19.23
137;128;27.79
137;129;30.52
137;130;57.71
137;131;97.17
137;132;37.57
137;135;35.39
137;138;18.30
137;139;81.84
137;140;8.44
137;141;59.60
137;143;32.63
137;177;22.70
138;110;100.40
138;119;67.31
138;123;81.72
138;128;94.68
138;129;90.43
138;130;13.35
138;131;61.29
138;132;78.46
138;135;51.84
138;137;18.30
138;139;36.08
138;140;54.15
138;146;14.74
138;148;69.85
138;155;81.10
139;123;67.76
139;125;66.99
139;128;57.12
139;131;58.12
139;134;45.73
139;135;3.30
139;136;26.46
139;137;81.84
139;138;36.08
139;140;13.92
139;141;22.27
139;143;37.22
139;145;78.94
139;154;69.99
139;163;9.11
140;107;100.14
140;115;54.23
140;126;97.13
140;130;64.52
140;131;22.06
140;135;37.10
140;137;8.44
140;138;54.15
140;139;13.92
140;141;12.21
140;146;92.85
140;147;88.46
140;149;46.09
140;152;48.13
140;160;60.89
141;97;62.16
141;121;83.33
141;123;38.55
141;127;80.71
141;128;20.00
141;137;59.60
141;139;22.27
141;140;12.21
141;144;5.66
141;148;79.43
141;150;75.17
141;155;48.96
141;156;45.23
141;168;37.14
141;192;92.57
142;120;38.31
142;127;10.12
142;143;13.14
142;144;50.65
142;148;2.14
142;150;25.98
142;151;90.39
142;153;9.22
142;154;19.60
142;155;21.38
142;156;43.98
142;158;100.60
142;159;95.62
142;161;99.62
142;167;86.67
143;120;17.30
143;127;98.49
143;128;9.29
143;132;71.47
143;136;72.00
143;137;32.63
143;139;37.22
143;142;13.14
143;145;76.43
143;147;74.58
143;149;14.31
143;154;93.25
143;160;66.05
143;161;53.21
143;163;39.51
144;131;17.27
144;132;22.95
144;141;5.66
144;142;50.65
144;146;92.31
144;147;8.14
144;148;100.96
144;149;63.88
144;153;96.51
144;154;27.60
144;155;8.20
144;162;82.74
144;167;90.37
144;176;13.14
144;200;76.52
145;122;43.80
145;128;31.52
145;133;37.95
145;139;78.94
145;143;76.43
145;147;60.94
145;148;45.25
145;149;1.99
145;150;98.63
145;151;85.64
145;155;72.12
145;167;45.06
145;168;49.42
145;180;40.46
145;196;54.51
146;110;78.57
146;118;98.37
146;124;25.67
146;125;63.46
146;135;68.58
146;138;14.74
146;140;92.85
146;144;92.31
146;151;8.64
146;152;24.14
146;154;10.44
146;155;26.61
146;159;66.60
146;167;14.92
146;174;70.38
147;86;10.02
147;108;46.09
147;131;77.12
147;140;88.46
147;143;74.58
147;144;8.14
147;145;60.94
147;149;74.05
147;150;50.89
147;152;12.68
147;153;18.53
147;156;38.94
147;158;57.75
147;174;57.72
147;232;92.05
148;111;52.57
148;121;16.24
148;123;91.24
148;128;67.26
148;129;13.43
148;135;44.39
148;138;69.85
148;141;79.43
148;142;2.14
148;144;100.96
148;145;45.25
148;157;4.67
148;163;51.61
148;164;39.65
148;170;41.23
149;118;45.93
149;123;18.23
149;130;90.84
149;134;48.94
149;140;46.09
149;143;14.31
149;144;63.88
149;145;1.99
149;147;74.05
149;150;21.08
149;156;69.87
149;157;64.71
149;159;45.22
149;169;5.80
149;179;7.50
150;119;82.87
150;124;39.54
150;128;38.52
150;141;75.17
150;142;25.98
150;145;98.63
150;147;50.89
150;149;21.08
150;152;66.89
150;153;23.67
150;157;24.09
150;162;52.60
150;166;38.42
150;191;35.96
150;195;5.75
151;110;16.36
151;121;52.50
151;134;85.11
151;142;90.39
151;145;85.64
151;146;8.64
151;152;51.57
151;156;94.29
151;157;62.45
151;158;5.51
151;162;5.51
151;166;66.16
151;169;30.58
151;173;50.96
151;175;38.33
152;140;48.13
152;146;24.14
152;147;12.68
152;150;66.89
152;151;51.57
152;153;41.43
152;154;82.92
152;155;50.83
152;158;31.62
152;159;24.84
152;162;83.82
152;163;55.65
152;168;90.95
152;169;1.98
152;205;26.62
153;115;31.97
153;117;49.91
153;125;43.68
153;136;73.09
153;142;9.22
153;144;96.51
153;147;18.53
153;150;23.67
153;152;41.43
153;154;72.78
153;155;94.44
153;156;26.77
153;166;34.53
153;167;37.99
153;199;75.07
154;128;91.21
154;139;69.99
154;142;19.60
154;143;93.25
154;144;27.60
154;146;10.44
154;152;82.92
154;153;72.78
154;155;38.32
154;156;44.67
154;157;37.34
154;165;5.82
154;167;36.32
154;174;27.00
154;185;54.35
155;119;55.34
155;122;11.88
155;127;77.38
155;138;81.10
155;141;48.96
155;142;21.38
155;144;8.20
155;145;72.12
155;146;26.61
155;152;50.83
155;153;94.44
155;154;38.32
155;162;88.55
155;164;9.02
155;177;17.86
156;123;95.22
156;126;3.59
156;132;56.88
156;141;45.23
156;142;43.98
156;147;38.94
156;149;69.87
156;151;94.29
156;153;26.77
156;154;44.67
156;160;90.25
156;164;96.25
156;165;12.56
156;168;41.11
156;189;67.81
157;126;64.61
157;134;58.01
157;135;76.85
157;148;4.67
157;149;64.71
157;150;24.09
157;151;62.45
157;154;37.34
157;160;81.67
157;162;46.72
157;163;49.00
157;165;82.89
157;175;44.86
157;187;58.06
157;276;39.67
158;104;19.86
158;128;32.63
158;129;55.40
158;142;100.60
158;147;57.75
158;151;5.51
158;152;31.62
158;161;12.34
158;164;47.31
158;166;29.04
158;172;98.40
158;175;21.30
158;190;70.77
158;200;78.79
158;253;65.88
159;114;80.23
159;133;31.24
159;135;27.49
159;142;95.62
159;146;66.60
159;149;45.22
159;152;24.84
159;160;38.91
159;161;45.34
159;163;10.05
159;164;58.02
159;167;87.23
159;171;13.06
159;181;85.30
159;193;49.42
160;125;89.55
160;140;60.89
160;143;66.05
160;156;90.25
160;157;81.67
160;159;38.91
160;165;54.93
160;166;51.01
160;167;4.91
160;168;85.16
160;170;5.02
160;177;50.98
160;178;90.20
160;182;4.11
160;201;93.25
161;69;73.85
161;94;78.76
161;133;25.13
161;142;99.62
161;143;53.21
161;158;12.34
161;159;45.34
161;162;41.39
161;163;45.18
161;164;41.21
161;165;53.13
161;175;41.71
161;184;82.03
161;185;25.48
161;190;72.17
162;118;35.77
162;144;82.74
162;150;52.60
162;151;5.51
162;152;83.82
162;155;88.55
162;157;46.72
162;161;41.39
162;164;59.72
162;165;47.57
162;168;6.37
162;170;44.17
162;171;77.26
162;176;80.64
162;177;21.49
163;139;9.11
163;143;39.51
163;148;51.61
163;152;55.65
163;157;49.00
163;159;10.05
163;161;45.18
163;164;32.71
163;171;21.81
163;182;63.44
163;186;65.85
163;187;22.21
163;189;87.77
163;195;4.09
163;205;34.45
164;107;64.29
164;123;83.59
164;148;39.65
164;155;9.02
164;156;96.25
164;158;47.31
164;159;58.02
164;161;41.21
164;162;59.72
164;163;32.71
164;165;64.48
164;166;54.10
164;171;1.88
164;172;88.36
164;231;51.30
165;121;69.35
165;154;5.82
165;156;12.56
165;157;82.89
165;160;54.93
165;161;53.13
165;162;47.57
165;164;64.48
165;166;42.96
165;168;2.21
165;177;37.48
165;178;56.44
165;183;77.80
165;186;43.74
165;205;42.58
166;132;20.41
166;150;38.42
166;151;66.16
166;153;34.53
166;158;29.04
166;160;51.01
166;164;54.10
166;165;42.96
166;167;93.90
166;173;28.81
166;174;36.82
166;183;13.68
166;190;34.01
166;198;78.55
166;220;89.36
167;142;86.67
167;144;90.37
167;145;45.06
167;146;14.92
167;153;37.99
167;154;36.32
167;159;87.23
167;160;4.91
167;166;93.90
167;168;22.32
167;170;3.12
167;171;1.31
167;175;13.81
167;176;51.17
167;183;68.71
168;141;37.14
168;145;49.42
168;152;90.95
168;156;41.11
168;160;85.16
168;162;6.37
168;165;2.21
168;167;22.32
168;170;26.03
168;172;7.48
168;177;76.00
168;178;77.62
168;183;44.36
168;185;97.04
168;192;12.23
169;149;5.80
169;151;30.58
169;152;1.98
169;171;71.71
169;173;33.12
169;174;77.91
169;175;61.24
169;176;52.96
169;177;83.63
169;178;59.18
169;183;59.78
169;185;7.65
169;189;68.77
169;190;45.58
169;224;70.29
170;110;41.13
170;148;41.23
170;160;5.02
170;162;44.17
170;167;3.12
170;168;26.03
170;171;28.19
170;172;33.51
170;174;49.58
170;175;49.34
170;176;90.05
170;177;64.36
170;185;28.50
170;188;96.83
170;190;51.60
171;131;67.01
171;159;13.06
171;162;77.26
171;163;21.81
171;164;1.88
171;167;1.31
171;169;71.71
171;170;28.19
171;172;78.89
171;174;84.31
171;186;19.69
171;188;44.56
171;191;77.81
171;202;47.29
171;215;40.06
172;125;11.95
172;158;98.40
172;164;88.36
172;168;7.48
172;170;33.51
172;171;78.89
172;174;14.41
172;176;18.94
172;181;88.22
172;187;40.52
172;188;51.51
172;189;4.90
172;197;68.75
172;199;66.60
172;200;26.18
173;151;50.96
173;166;28.81
173;169;33.12
173;174;24.62
173;175;44.45
173;177;100.08
173;179;3.97
173;181;52.32
173;182;81.11
173;185;76.09
173;187;70.88
173;192;87.16
173;207;31.08
173;213;41.26
173;224;42.71
174;146;70.38
174;147;57.72
174;154;27.00
174;166;36.82
174;169;77.91
174;170;49.58
174;171;84.31
174;172;14.41
174;173;24.62
174;176;11.88
174;178;43.55
174;181;40.96
174;186;67.33
174;190;59.09
174;211;50.41
175;105;74.43
175;107;78.70
175;151;38.33
175;157;44.86
175;158;21.30
175;161;41.71
175;167;13.81
175;169;61.24
175;170;49.34
175;173;44.45
175;176;79.13
175;178;54.40
175;182;100.35
175;194;77.55
175;207;16.32
176;144;13.14
176;162;80.64
176;167;51.17
176;169;52.96
176;170;90.05
176;172;18.94
176;174;11.88
176;175;79.13
176;178;82.96
176;179;15.17
176;190;80.49
176;193;58.24
176;208;44.29
176;210;54.27
176;214;92.59
177;77;62.46
177;137;22.70
177;155;17.86
177;160;50.98
177;162;21.49
177;165;37.48
177;168;76.00
177;169;83.63
177;170;64.36
177;173;100.08
177;181;40.45
177;193;74.55
177;195;84.86
177;200;4.45
177;217;32.82
178;160;90.20
178;165;56.44
178;168;77.62
178;169;59.18
178;174;43.55
178;175;54.40
178;176;82.96
178;179;19.85
178;180;94.37
178;181;63.91
178;184;71.80
178;189;55.01
178;190;33.42
178;195;97.29
178;215;78.15
179;149;7.50
179;173;3.97
179;176;15.17
179;178;19.85
179;180;46.50
179;181;98.91
179;183;4.79
179;185;33.00
179;186;9.77
179;189;93.66
179;190;75.53
179;193;66.25
179;209;61.96
179;212;50.45
179;247;100.98
180;135;84.60
180;145;40.46
180;178;94.37
180;179;46.50
180;181;57.78
180;182;11.80
180;183;75.06
180;184;39.58
180;185;64.12
180;186;60.41
180;190;45.48
180;202;99.81
180;206;61.30
180;209;9.06
180;218;2.56
181;159;85.30
181;172;88.22
181;173;52.32
181;174;40.96
181;177;40.45
181;178;63.91
181;179;98.91
181;180;57.78
181;184;64.05
181;185;37.66
181;187;82.86
181;192;81.39
181;194;71.69
181;203;79.83
181;240;83.08
182;160;4.11
182;163;63.44
182;173;81.11
182;175;100.35
182;180;11.80
182;183;61.58
182;185;15.97
182;186;69.67
182;189;74.96
182;192;60.23
182;193;86.38
182;194;50.23
182;196;2.66
182;199;51.56
182;202;6.06
183;165;77.80
183;166;13.68
183;167;68.71
183;168;44.36
183;169;59.78
183;179;4.79
183;180;75.06
183;182;61.58
183;184;24.86
183;196;98.76
183;208;73.66
183;211;71.77
183;214;25.12
183;223;21.43
183;228;74.74
184;161;82.03
184;178;71.80
184;180;39.58
184;181;64.05
184;183;24.86
184;185;3.18
184;186;20.30
184;189;9.56
184;191;58.60
184;194;47.67
184;195;44.37
184;205;93.10
184;216;12.33
184;224;66.88
184;228;84.39
185;154;54.35
185;161;25.48
185;168;97.04
185;169;7.65
185;170;28.50
185;173;76.09
185;179;33.00
185;180;64.12
185;181;37.66
185;182;15.97
185;184;3.18
185;192;34.24
185;194;38.08
185;195;52.26
185;196;8.65
186;130;90.25
186;163;65.85
186;165;43.74
186;171;19.69
186;174;67.33
186;179;9.77
186;180;60.41
186;182;69.67
186;184;20.30
186;187;3.27
186;191;64.82
186;199;78.25
186;202;12.59
186;208;12.52
186;224;86.57
187;157;58.06
187;163;22.21
187;172;40.52
187;173;70.88
187;181;82.86
187;186;3.27
187;188;3.60
187;196;25.62
187;197;41.57
187;202;58.53
187;203;74.19
187;204;53.16
187;205;87.22
187;213;84.47
187;217;64.06
188;170;96.83
188;171;44.56
188;172;51.51
188;187;3.60
188;189;24.70
188;190;63.05
188;192;45.27
188;193;15.02
188;196;80.95
188;197;55.13
188;199;50.97
188;203;100.02
188;207;60.84
188;209;12.51
188;226;47.18
189;156;67.81
189;163;87.77
189;169;68.77
189;172;4.90
189;178;55.01
189;179;93.66
189;182;74.96
189;184;9.56
189;188;24.70
189;191;40.63
189;192;42.73
189;194;14.62
189;199;70.01
189;205;54.44
189;215;53.26
190;158;70.77
190;161;72.17
190;166;34.01
190;169;45.58
190;170;51.60
190;174;59.09
190;176;80.49
190;178;33.42
190;179;75.53
190;180;45.48
190;188;63.05
190;191;10.73
190;192;23.55
190;218;95.22
190;224;81.89
191;150;35.96
191;171;77.81
191;184;58.60
191;186;64.82
191;189;40.63
191;190;10.73
191;192;71.41
191;193;48.50
191;194;75.03
191;197;29.62
191;198;26.37
191;204;61.62
191;207;25.73
191;208;76.12
191;220;88.80
192;141;92.57
192;168;12.23
192;173;87.16
192;181;81.39
192;182;60.23
192;185;34.24
192;188;45.27
192;189;42.73
192;190;23.55
192;191;71.41
192;194;71.50
192;198;65.41
192;207;71.55
192;208;82.35
192;229;18.45
193;159;49.42
193;176;58.24
193;177;74.55
193;179;66.25
193;182;86.38
193;188;15.02
193;191;48.50
193;194;83.94
193;195;45.90
193;197;93.66
193;198;43.64
193;200;52.00
193;201;82.08
193;202;70.59
193;209;65.59
194;175;77.55
194;181;71.69
194;182;50.23
194;184;47.67
194;185;38.08
194;189;14.62
194;191;75.03
194;192;71.50
194;193;83.94
194;195;87.44
194;203;17.25
194;209;74.60
194;211;31.37
194;218;84.11
194;222;20.70
195;150;5.75
195;163;4.09
195;177;84.86
195;178;97.29
195;184;44.37
195;185;52.26
195;193;45.90
195;194;87.44
195;196;73.89
195;202;13.66
195;203;19.52
195;205;46.88
195;221;33.57
195;222;45.37
195;230;9.79
196;145;54.51
196;182;2.66
196;183;98.76
196;185;8.65
196;187;25.62
196;188;80.95
196;195;73.89
196;199;76.83
196;201;18.79
196;204;18.76
196;206;72.97
196;210;42.87
196;223;77.17
196;230;27.63
196;236;95.19
197;172;68.75
197;187;41.57
197;188;55.13
197;191;29.62
197;193;93.66
197;198;77.36
197;199;8.28
197;201;97.64
197;202;67.99
197;203;39.19
197;209;59.19
197;210;32.73
197;226;79.75
197;229;48.90
197;234;8.12
198;166;78.55
198;191;26.37
198;192;65.41
198;193;43.64
198;197;77.36
198;199;3.56
198;200;99.20
198;202;7.19
198;203;10.45
198;204;17.57
198;207;85.05
198;208;80.55
198;210;85.65
198;212;39.89
198;267;91.88
199;153;75.07
199;172;66.60
199;182;51.56
199;186;78.25
199;188;50.97
199;189;70.01
199;196;76.83
199;197;8.28
199;198;3.56
199;204;12.27
199;207;17.49
199;210;79.22
199;213;19.74
199;218;57.82
199;235;24.90
200;144;76.52
200;158;78.79
200;172;26.18
200;177;4.45
200;193;52.00
200;198;99.20
200;201;13.30
200;203;72.48
200;204;49.00
200;206;36.35
200;209;5.25
200;211;48.12
200;212;63.45
200;214;66.79
200;217;53.51
201;160;93.25
201;193;82.08
201;196;18.79
201;197;97.64
201;200;13.30
201;202;83.51
201;204;12.78
201;205;52.68
201;211;25.95
201;213;15.11
201;215;65.77
201;217;48.36
201;227;51.66
201;241;97.88
201;261;91.37
202;171;47.29
202;180;99.81
202;182;6.06
202;186;12.59
202;187;58.53
202;193;70.59
202;195;13.66
202;197;67.99
202;198;7.19
202;201;83.51
202;206;24.70
202;207;82.95
202;220;45.00
202;223;40.38
202;232;39.73
203;181;79.83
203;187;74.19
203;188;100.02
203;194;17.25
203;195;19.52
203;197;39.19
203;198;10.45
203;200;72.48
203;204;94.08
203;205;12.75
203;207;84.37
203;210;70.18
203;215;53.73
203;219;56.64
203;256;95.79
204;187;53.16
204;191;61.62
204;196;18.76
204;198;17.57
204;199;12.27
204;200;49.00
204;201;12.78
204;203;94.08
204;205;2.67
204;206;93.54
204;209;27.96
204;213;83.98
204;219;83.82
204;230;96.34
204;269;62.68
205;152;26.62
205;163;34.45
205;165;42.58
205;184;93.10
205;187;87.22
205;189;54.44
205;195;46.88
205;201;52.68
205;203;12.75
205;204;2.67
205;209;98.77
205;211;19.64
205;214;44.89
205;217;39.20
205;223;75.07
206;180;61.30
206;196;72.97
206;200;36.35
206;202;24.70
206;204;93.54
206;207;96.37
206;208;3.94
206;210;45.37
206;212;20.07
206;222;67.10
206;224;57.10
206;229;100.87
206;231;37.99
206;246;11.83
206;249;83.49
207;173;31.08
207;175;16.32
207;188;60.84
