source;target;label
0;239;19.65
0;211;21.73
0;156;53.76
1;365;32.64
1;103;51.94
2;374;46.08
3;428;72.42
4;424;9.20
4;462;15.01
4;260;38.54
5;242;33.27
5;246;61.50
5;240;96.30
6;188;25.12
7;135;22.62
8;342;7.52
8;403;10.22
8;107;23.44
8;206;76.24
10;453;44.73
10;494;72.09
11;59;2.42
11;367;3.68
11;272;12.02
11;317;20.93
11;245;98.91
12;177;68.05
13;383;87.52
14;80;78.68
15;216;24.01
15;397;29.27
15;293;46.70
16;252;48.87
17;472;33.05
17;395;49.21
18;387;8.53
18;296;18.27
18;157;32.29
18;192;41.84
19;461;51.00
20;82;40.08
20;459;52.33
20;251;95.12
21;498;11.90
22;164;6.09
23;85;35.67
24;424;16.51
24;455;21.51
24;200;41.02
25;440;7.48
25;54;28.32
26;171;68.57
27;184;28.44
27;130;97.95
28;405;23.30
28;85;48.85
28;50;79.82
29;293;13.54
30;301;24.30
30;468;26.36
30;193;51.28
31;321;81.19
32;342;6.45
33;87;4.77
33;425;35.72
34;39;44.11
35;444;45.75
35;162;53.36
36;85;42.17
38;77;27.05
38;344;32.67
38;42;48.00
39;147;35.86
39;34;44.11
39;442;84.69
40;46;68.12
40;422;71.39
41;144;7.91
41;147;22.95
42;38;48.00
43;255;37.21
44;325;5.50
45;146;5.23
45;181;40.26
45;488;52.99
46;40;68.12
46;73;87.35
47;224;35.29
48;327;57.18
49;297;6.16
50;187;36.61
50;28;79.82
51;479;80.91
53;263;7.14
53;98;14.62
53;154;34.74
53;144;40.89
53;117;77.91
54;265;23.16
54;25;28.32
55;228;17.93
55;298;25.59
55;288;30.80
56;470;31.38
57;402;14.81
58;283;80.92
59;11;2.42
59;475;40.43
59;132;69.43
60;295;98.87
61;480;10.19
61;348;28.14
62;458;83.45
63;222;2.42
63;211;21.35
63;299;42.46
64;314;21.04
64;263;23.12
64;499;52.84
65;396;28.64
65;119;54.14
66;309;28.99
67;464;47.39
68;243;52.90
69;199;55.24
69;282;62.76
70;175;22.33
71;483;39.94
71;410;70.70
72;382;19.91
72;231;47.24
73;46;87.35
74;420;22.88
74;413;55.72
74;182;80.52
75;259;11.34
75;115;12.21
75;467;30.35
76;91;31.50
77;218;11.03
77;38;27.05
77;171;33.69
77;493;73.69
79;332;51.13
80;197;24.18
80;138;71.93
80;14;78.68
81;283;67.26
82;368;21.82
82;20;40.08
82;348;48.49
83;127;10.27
83;108;29.51
83;338;78.38
84;202;42.41
85;189;3.96
85;465;30.75
85;23;35.67
85;36;42.17
85;28;48.85
85;458;49.22
86;324;12.26
87;33;4.77
87;148;14.85
88;193;80.16
89;336;46.45
89;142;53.28
91;134;1.19
91;76;31.50
91;300;42.40
92;294;39.67
92;124;51.12
93;324;10.18
93;335;21.92
94;254;2.71
94;172;21.41
95;466;24.93
95;108;35.45
96;328;43.65
96;375;43.99
96;136;45.54
97;439;34.67
98;53;14.62
99;224;30.79
99;474;87.02
100;365;38.75
100;140;43.71
100;280;49.96
101;389;44.69
102;267;11.02
102;171;12.62
102;180;13.89
103;476;27.82
103;1;51.94
104;124;43.95
105;483;4.71
106;286;17.75
107;212;11.13
107;152;17.16
107;373;20.00
107;8;23.44
107;202;24.32
107;223;28.40
108;184;11.44
108;83;29.51
108;95;35.45
108;352;38.94
109;165;7.54
109;382;8.94
110;265;50.43
110;434;95.26
111;447;89.93
113;180;53.21
114;217;68.61
115;310;5.36
115;75;12.21
115;358;28.70
115;192;36.64
116;194;48.48
117;53;77.91
118;287;89.89
119;162;50.95
119;65;54.14
120;221;6.25
120;212;28.96
120;388;31.62
121;375;23.79
121;454;35.71
122;294;8.31
122;432;35.92
122;439;43.65
122;204;77.69
123;146;53.16
124;104;43.95
124;92;51.12
125;223;42.09
126;235;13.19
126;310;27.41
127;83;10.27
128;186;63.51
129;297;6.78
130;27;97.95
131;268;4.57
131;418;64.05
132;430;63.91
132;59;69.43
133;351;29.22
134;91;1.19
134;431;16.73
135;445;10.55
135;7;22.62
136;269;26.17
136;96;45.54
137;307;26.64
138;270;11.77
138;284;30.14
138;80;71.93
139;193;4.12
139;391;23.54
140;327;39.05
140;100;43.71
141;397;44.04
141;191;74.94
142;313;1.20
142;174;7.47
142;89;53.28
144;41;7.91
144;266;16.01
144;53;40.89
144;312;58.02
146;45;5.23
146;445;12.56
146;123;53.16
147;41;22.95
147;39;35.86
148;330;11.81
148;87;14.85
148;162;19.22
149;461;41.15
150;329;45.08
151;462;4.41
151;414;55.36
152;488;15.18
152;210;16.40
152;107;17.16
153;345;73.74
154;487;1.13
154;53;34.74
155;171;26.37
155;421;32.56
155;452;38.61
156;0;53.76
157;18;32.29
158;398;47.63
158;469;51.32
159;337;13.44
160;189;19.00
160;360;38.49
161;449;27.53
162;470;5.98
162;148;19.22
162;405;26.89
162;265;46.41
162;119;50.95
162;35;53.36
163;288;16.25
163;283;59.27
164;22;6.09
164;309;91.39
165;109;7.54
165;203;57.91
165;479;75.77
166;452;20.16
167;352;32.22
168;231;32.17
168;223;45.56
168;489;63.03
170;261;11.58
170;249;20.88
171;102;12.62
171;260;14.42
171;155;26.37
171;77;33.69
171;26;68.57
172;432;6.99
172;94;21.41
173;227;2.88
173;292;18.07
174;359;6.39
174;142;7.47
175;291;15.92
175;70;22.33
175;181;48.22
176;499;51.99
177;320;49.65
177;454;60.04
177;12;68.05
178;372;77.25
179;224;13.52
180;102;13.89
180;113;53.21
181;261;5.23
181;45;40.26
181;295;42.77
181;175;48.22
182;74;80.52
183;270;45.24
183;332;57.74
184;108;11.44
184;416;16.18
184;27;28.44
185;341;23.00
185;356;26.66
185;252;75.93
186;128;63.51
186;243;63.61
186;325;98.52
187;50;36.61
188;6;25.12
188;301;30.57
188;398;44.87
189;85;3.96
189;160;19.00
190;225;61.49
191;141;74.94
192;237;1.23
192;115;36.64
192;18;41.84
192;363;77.47
193;139;4.12
193;30;51.28
193;88;80.16
194;255;38.71
194;116;48.48
195;410;91.90
196;365;62.93
197;80;24.18
198;200;77.79
199;257;12.60
199;217;21.57
199;208;38.93
199;69;55.24
200;289;16.75
200;24;41.02
200;248;73.01
200;198;77.79
201;304;71.89
202;107;24.32
202;84;42.41
202;384;87.23
203;165;57.91
204;122;77.69
205;228;82.46
206;8;76.24
206;304;79.08
207;292;41.34
207;230;74.85
208;466;25.41
208;199;38.93
208;448;41.03
208;404;49.48
209;222;70.97
210;152;16.40
210;449;47.53
211;400;13.98
211;63;21.35
211;0;21.73
212;107;11.13
212;120;28.96
213;265;62.35
214;394;9.05
215;232;68.35
216;421;7.09
216;15;24.01
217;356;12.11
217;199;21.57
217;271;42.35
217;114;68.61
218;77;11.03
218;353;13.16
218;286;47.45
220;487;35.18
221;120;6.25
222;63;2.42
222;463;30.50
222;328;32.80
222;472;64.37
222;209;70.97
223;107;28.40
223;351;38.25
223;125;42.09
223;168;45.56
224;179;13.52
224;351;26.83
224;99;30.79
224;47;35.29
225;241;44.56
225;190;61.49
226;411;23.35
226;370;36.25
226;236;68.93
227;173;2.88
227;388;8.42
228;55;17.93
228;205;82.46
229;232;84.10
230;207;74.85
231;460;10.26
231;399;12.79
231;168;32.17
231;72;47.24
232;306;11.21
232;353;38.10
232;215;68.35
232;229;84.10
233;340;41.86
234;405;49.20
235;126;13.19
236;226;68.93
236;366;75.45
237;192;1.23
238;260;39.30
239;0;19.65
239;362;51.82
240;5;96.30
241;225;44.56
241;259;46.46
242;5;33.27
243;428;1.71
243;483;39.98
243;68;52.90
243;186;63.61
245;11;98.91
246;305;47.65
246;5;61.50
246;333;88.47
247;375;65.80
248;258;18.20
248;200;73.01
249;170;20.88
249;423;55.90
250;426;28.99
251;20;95.12
252;16;48.87
252;185;75.93
253;342;24.62
253;330;30.86
253;361;96.53
254;94;2.71
255;43;37.21
255;280;37.26
255;194;38.71
256;487;76.39
257;199;12.60
258;248;18.20
258;331;82.78
259;75;11.34
259;241;46.46
260;171;14.42
260;4;38.54
260;238;39.30
261;181;5.23
261;170;11.58
261;290;43.89
262;329;51.26
263;53;7.14
263;64;23.12
263;456;38.04
264;359;73.51
265;54;23.16
265;162;46.41
265;110;50.43
265;213;62.35
266;144;16.01
267;431;8.57
267;102;11.02
267;411;16.10
268;131;4.57
268;455;27.16
269;136;26.17
269;401;34.27
270;138;11.77
270;355;21.45
270;183;45.24
271;217;42.35
272;11;12.02
274;367;14.25
276;472;97.89
277;378;77.84
278;392;18.43
279;294;98.67
280;356;30.09
280;255;37.26
280;100;49.96
280;491;54.81
281;424;33.18
282;69;62.76
283;333;39.85
283;473;57.95
283;163;59.27
283;81;67.26
283;58;80.92
284;388;9.58
284;138;30.14
285;467;60.77
286;106;17.75
286;218;47.45
287;386;32.22
287;318;34.89
287;419;43.87
287;118;89.89
288;163;16.25
288;55;30.80
289;200;16.75
289;435;51.38
290;261;43.89
291;175;15.92
292;173;18.07
292;207;41.34
292;379;64.17
293;345;5.95
293;302;7.16
293;29;13.54
293;340;18.37
293;297;29.29
293;15;46.70
294;122;8.31
294;428;25.50
294;341;29.56
294;92;39.67
294;279;98.67
295;181;42.77
295;60;98.87
296;303;3.56
296;18;18.27
297;49;6.16
297;129;6.78
297;293;29.29
297;436;83.76
298;374;12.10
298;55;25.59
299;447;1.38
299;63;42.46
300;91;42.40
301;337;3.80
301;30;24.30
301;188;30.57
302;293;7.16
303;490;2.28
303;494;2.48
303;296;3.56
304;201;71.89
304;206;79.08
305;246;47.65
306;232;11.21
306;441;17.81
306;406;38.30
307;137;26.64
307;355;41.93
308;493;69.45
309;66;28.99
309;370;38.98
309;164;91.39
310;115;5.36
310;126;27.41
311;462;27.55
312;347;31.63
312;144;58.02
313;142;1.20
314;64;21.04
315;401;15.73
316;393;15.57
317;11;20.93
317;432;34.90
318;287;34.89
318;433;39.66
320;177;49.65
321;413;41.63
321;31;81.19
322;386;17.17
324;93;10.18
324;86;12.26
325;44;5.50
325;186;98.52
327;140;39.05
327;48;57.18
328;222;32.80
328;342;35.66
328;96;43.65
329;372;19.72
329;150;45.08
329;262;51.26
330;148;11.81
330;495;12.67
330;253;30.86
331;258;82.78
332;79;51.13
332;183;57.74
333;283;39.85
333;394;51.91
333;246;88.47
334;497;3.08
334;456;10.21
334;409;11.45
335;93;21.92
335;426;23.79
335;421;24.27
335;402;25.42
335;371;31.57
336;89;46.45
336;376;54.62
337;301;3.80
337;159;13.44
337;355;34.30
338;83;78.38
339;480;83.76
340;293;18.37
340;233;41.86
341;185;23.00
341;294;29.56
341;357;34.74
341;383;61.67
341;378;64.38
342;32;6.45
342;8;7.52
342;253;24.62
342;328;35.66
343;480;66.28
344;393;14.53
344;38;32.67
345;293;5.95
345;153;73.74
347;312;31.63
348;61;28.14
348;82;48.49
349;493;32.46
349;377;73.86
350;397;23.00
351;224;26.83
351;133;29.22
351;223;38.25
352;167;32.22
352;108;38.94
353;488;2.01
353;218;13.16
353;232;38.10
354;430;19.63
355;270;21.45
355;337;34.30
355;307;41.93
356;372;9.12
356;217;12.11
356;185;26.66
356;280;30.09
356;484;61.91
357;341;34.74
358;115;28.70
359;174;6.39
359;264;73.51
360;160;38.49
361;253;96.53
362;408;3.50
362;239;51.82
362;438;54.51
363;192;77.47
365;1;32.64
365;100;38.75
365;196;62.93
366;236;75.45
367;11;3.68
367;274;14.25
368;496;18.42
368;82;21.82
368;451;23.87
369;454;31.45
370;226;36.25
370;309;38.98
371;335;31.57
371;485;90.11
372;356;9.12
372;329;19.72
372;178;77.25
373;107;20.00
374;298;12.10
374;411;27.43
374;2;46.08
375;121;23.79
375;96;43.99
375;247;65.80
376;458;20.57
376;336;54.62
377;349;73.86
378;427;15.79
378;341;64.38
378;277;77.84
378;390;82.52
379;292;64.17
380;382;41.72
381;422;57.13
382;109;8.94
382;72;19.91
382;380;41.72
383;341;61.67
383;13;87.52
384;202;87.23
384;450;92.29
385;490;17.73
386;322;17.17
386;287;32.22
387;18;8.53
388;227;8.42
388;284;9.58
388;120;31.62
389;406;38.01
389;101;44.69
390;378;82.52
391;139;23.54
392;278;18.43
392;499;38.54
393;344;14.53
393;316;15.57
393;432;32.21
393;486;81.08
394;214;9.05
394;333;51.91
395;17;49.21
396;65;28.64
397;350;23.00
397;15;29.27
397;141;44.04
397;471;99.63
398;188;44.87
398;158;47.63
399;231;12.79
400;211;13.98
400;478;32.02
401;315;15.73
401;269;34.27
402;57;14.81
402;335;25.42
403;8;10.22
403;451;33.05
404;208;49.48
405;28;23.30
405;162;26.89
405;234;49.20
406;389;38.01
406;306;38.30
408;362;3.50
409;334;11.45
409;492;33.16
409;424;43.44
410;71;70.70
410;195;91.90
411;267;16.10
411;226;23.35
411;374;27.43
413;491;7.58
413;321;41.63
413;74;55.72
414;151;55.36
416;184;16.18
417;457;16.86
418;131;64.05
419;457;9.57
419;468;13.26
419;287;43.87
420;74;22.88
421;216;7.09
421;335;24.27
421;155;32.56
422;453;36.85
422;381;57.13
422;40;71.39
423;249;55.90
424;4;9.20
424;24;16.51
424;281;33.18
424;409;43.44
425;33;35.72
426;335;23.79
426;250;28.99
427;378;15.79
428;243;1.71
428;498;16.86
428;294;25.50
428;3;72.42
429;499;14.37
430;354;19.63
430;132;63.91
431;267;8.57
431;134;16.73
432;172;6.99
432;393;32.21
432;317;34.90
432;122;35.92
433;318;39.66
434;477;68.61
434;110;95.26
435;289;51.38
436;297;83.76
438;362;54.51
439;97;34.67
439;122;43.65
440;25;7.48
441;306;17.81
442;39;84.69
444;35;45.75
445;135;10.55
445;146;12.56
447;299;1.38
447;111;89.93
448;464;34.46
448;208;41.03
449;161;27.53
449;210;47.53
450;384;92.29
451;368;23.87
451;403;33.05
452;166;20.16
452;155;38.61
453;422;36.85
453;10;44.73
454;369;31.45
454;121;35.71
454;177;60.04
455;24;21.51
455;268;27.16
456;334;10.21
456;263;38.04
457;419;9.57
457;417;16.86
458;376;20.57
458;85;49.22
458;62;83.45
459;481;23.41
459;20;52.33
460;231;10.26
461;149;41.15
461;463;44.23
461;19;51.00
462;151;4.41
462;4;15.01
462;311;27.55
463;222;30.50
463;461;44.23
464;448;34.46
464;67;47.39
465;85;30.75
465;467;37.69
466;95;24.93
466;208;25.41
467;75;30.35
467;465;37.69
467;285;60.77
468;419;13.26
468;30;26.36
469;158;51.32
470;162;5.98
470;56;31.38
471;397;99.63
472;17;33.05
472;222;64.37
472;276;97.89
473;283;57.95
474;99;87.02
475;59;40.43
476;103;27.82
477;434;68.61
478;400;32.02
479;165;75.77
479;51;80.91
480;61;10.19
480;343;66.28
480;339;83.76
481;459;23.41
483;105;4.71
483;71;39.94
483;243;39.98
484;356;61.91
485;371;90.11
486;393;81.08
487;154;1.13
487;220;35.18
487;256;76.39
488;353;2.01
488;152;15.18
488;45;52.99
489;168;63.03
490;303;2.28
490;385;17.73
491;413;7.58
491;280;54.81
492;409;33.16
493;349;32.46
493;308;69.45
493;77;73.69
494;303;2.48
494;10;72.09
495;330;12.67
496;368;18.42
497;334;3.08
498;21;11.90
498;428;16.86
499;429;14.37
499;392;38.54
499;176;51.99
499;64;52.84
