source;target;weight
0;1;71.38
0;2;65.81
0;3;45.82
0;4;16.20
0;5;49.73
0;6;74.24
0;7;61.27
0;8;99.57
0;9;13.93
0;10;90.71
0;11;56.71
0;12;58.09
0;13;4.22
0;14;23.81
0;18;98.95
1;0;71.38
1;2;6.75
1;3;61.04
1;4;59.04
1;5;41.00
1;6;19.65
1;7;65.28
1;8;5.83
1;9;60.12
1;10;39.75
1;11;7.17
1;12;98.19
1;13;63.95
1;14;21.32
1;37;28.34
2;0;65.81
2;1;6.75
2;3;42.27
2;4;31.31
2;5;25.71
2;6;63.47
2;7;78.17
2;8;24.79
2;9;15.86
2;10;93.34
2;11;24.62
2;12;37.42
2;13;98.68
2;14;9.51
2;20;4.96
3;0;45.82
3;1;61.04
3;2;42.27
3;4;12.18
3;5;45.30
3;6;82.08
3;7;10.97
3;8;4.62
3;9;78.95
3;10;17.02
3;11;46.97
3;12;41.78
3;13;57.71
3;14;87.00
3;58;10.79
4;0;16.20
4;1;59.04
4;2;31.31
4;3;12.18
4;5;67.98
4;6;95.14
4;7;20.67
4;8;10.51
4;9;57.57
4;10;55.72
4;11;39.26
4;12;86.30
4;13;18.10
4;14;33.68
4;36;36.63
5;0;49.73
5;1;41.00
5;2;25.71
5;3;45.30
5;4;67.98
5;6;5.26
5;7;3.47
5;8;74.43
5;9;8.98
5;10;23.64
5;11;5.72
5;12;25.51
5;13;54.00
5;14;65.88
5;20;97.04
6;0;74.24
6;1;19.65
6;2;63.47
6;3;82.08
6;4;95.14
6;5;5.26
6;7;10.65
6;8;75.56
6;9;52.57
6;10;48.58
6;11;4.82
6;12;49.77
6;13;20.62
6;14;61.80
6;32;50.94
7;0;61.27
7;1;65.28
7;2;78.17
7;3;10.97
7;4;20.67
7;5;3.47
7;6;10.65
7;8;31.01
7;9;18.06
7;10;9.63
7;11;99.41
7;12;2.40
7;13;23.07
7;14;99.81
7;48;70.66
8;0;99.57
8;1;5.83
8;2;24.79
8;3;4.62
8;4;10.51
8;5;74.43
8;6;75.56
8;7;31.01
8;9;4.05
8;10;32.44
8;11;40.70
8;12;37.73
8;13;4.75
8;14;88.00
8;26;11.23
9;0;13.93
9;1;60.12
9;2;15.86
9;3;78.95
9;4;57.57
9;5;8.98
9;6;52.57
9;7;18.06
9;8;4.05
9;10;1.26
9;11;18.01
9;12;61.41
9;13;10.80
9;14;82.03
9;20;1.44
10;0;90.71
10;1;39.75
10;2;93.34
10;3;17.02
10;4;55.72
10;5;23.64
10;6;48.58
10;7;9.63
10;8;32.44
10;9;1.26
10;11;97.30
10;12;92.44
10;13;88.12
10;14;20.40
10;53;22.74
11;0;56.71
11;1;7.17
11;2;24.62
11;3;46.97
11;4;39.26
11;5;5.72
11;6;4.82
11;7;99.41
11;8;40.70
11;9;18.01
11;10;97.30
11;12;63.20
11;13;22.66
11;14;1.22
11;32;67.15
12;0;58.09
12;1;98.19
12;2;37.42
12;3;41.78
12;4;86.30
12;5;25.51
12;6;49.77
12;7;2.40
12;8;37.73
12;9;61.41
12;10;92.44
12;11;63.20
12;13;69.31
12;14;86.18
12;15;46.93
13;0;4.22
13;1;63.95
13;2;98.68
13;3;57.71
13;4;18.10
13;5;54.00
13;6;20.62
13;7;23.07
13;8;4.75
13;9;10.80
13;10;88.12
13;11;22.66
13;12;69.31
13;14;100.78
13;17;70.41
14;0;23.81
14;1;21.32
14;2;9.51
14;3;87.00
14;4;33.68
14;5;65.88
14;6;61.80
14;7;99.81
14;8;88.00
14;9;82.03
14;10;20.40
14;11;1.22
14;12;86.18
14;13;100.78
14;28;93.10
15;12;46.93
15;16;39.74
15;17;92.20
15;18;47.42
15;19;65.63
15;20;7.99
15;22;5.70
15;23;81.19
15;26;90.66
15;28;92.94
15;34;8.05
15;35;85.72
15;36;24.96
15;45;10.46
15;74;30.64
16;15;39.74
16;17;78.77
16;18;12.44
16;19;66.68
16;20;37.85
16;21;25.28
16;22;33.56
16;23;52.65
16;24;85.51
16;26;94.40
16;27;41.37
16;28;12.85
16;38;14.12
16;39;29.92
16;41;51.23
17;13;70.41
17;15;92.20
17;16;78.77
17;18;55.42
17;19;10.88
17;20;45.35
17;22;42.23
17;23;47.33
17;25;91.78
17;31;20.15
17;32;96.78
17;41;17.22
17;46;100.37
17;48;91.52
17;80;52.22
18;0;98.95
18;15;47.42
18;16;12.44
18;17;55.42
18;20;70.38
18;23;93.41
18;24;7.25
18;25;63.04
18;27;6.00
18;28;85.28
18;29;29.83
18;30;75.90
18;35;14.61
18;39;52.77
18;52;58.94
19;15;65.63
19;16;66.68
19;17;10.88
19;20;100.52
19;21;25.92
19;22;59.79
19;26;70.47
19;27;19.43
19;30;71.06
19;32;47.59
19;33;53.54
19;34;16.99
19;36;21.68
19;37;50.29
19;60;64.20
20;2;4.96
20;5;97.04
20;9;1.44
20;15;7.99
20;16;37.85
20;17;45.35
20;18;70.38
20;19;100.52
20;21;23.60
20;25;68.79
20;28;37.61
20;31;3.94
20;33;65.30
20;43;8.42
20;56;57.43
21;16;25.28
21;19;25.92
21;20;23.60
21;23;74.79
21;24;80.61
21;29;8.31
21;31;48.95
21;35;58.31
21;36;16.56
21;37;40.01
21;39;24.28
21;45;15.82
21;48;44.36
21;53;74.23
21;84;70.74
22;15;5.70
22;16;33.56
22;17;42.23
22;19;59.79
22;23;9.00
22;26;41.14
22;29;53.71
22;30;9.24
22;31;95.93
22;35;68.92
22;42;77.61
22;43;55.15
22;47;66.37
22;51;44.57
22;72;54.03
23;15;81.19
23;16;52.65
23;17;47.33
23;18;93.41
23;21;74.79
23;22;9.00
23;27;67.13
23;29;41.57
23;32;34.96
23;33;3.33
23;36;36.72
23;37;79.16
23;43;30.77
23;60;23.70
23;67;67.01
24;16;85.51
24;18;7.25
24;21;80.61
24;25;91.64
24;26;49.01
24;27;62.86
24;28;12.01
24;29;8.04
24;31;89.73
24;32;74.61
24;36;100.23
24;38;82.90
24;42;25.25
24;50;77.86
24;74;45.69
25;17;91.78
25;18;63.04
25;20;68.79
25;24;91.64
25;26;83.92
25;27;32.05
25;29;76.66
25;32;57.30
25;33;70.37
25;35;84.50
25;40;45.01
25;44;94.02
25;50;7.84
25;51;17.43
25;60;27.41
26;8;11.23
26;15;90.66
26;16;94.40
26;19;70.47
26;22;41.14
26;24;49.01
26;25;83.92
26;27;76.89
26;28;52.02
26;29;30.34
26;30;57.42
26;36;61.64
26;40;73.85
26;44;49.56
26;63;50.33
27;16;41.37
27;18;6.00
27;19;19.43
27;23;67.13
27;24;62.86
27;25;32.05
27;26;76.89
27;28;95.80
27;29;91.61
27;34;87.09
27;35;83.01
27;37;32.93
27;45;21.69
27;51;34.56
27;66;34.69
28;14;93.10
28;15;92.94
28;16;12.85
28;18;85.28
28;20;37.61
28;24;12.01
28;26;52.02
28;27;95.80
28;32;53.08
28;34;59.05
28;40;9.25
28;44;25.30
28;49;43.62
28;50;50.85
28;71;25.24
29;18;29.83
29;21;8.31
29;22;53.71
29;23;41.57
29;24;8.04
29;25;76.66
29;26;30.34
29;27;91.61
29;30;54.86
29;32;27.05
29;33;32.33
29;36;97.42
29;37;16.95
29;46;84.06
29;50;52.64
30;18;75.90
30;19;71.06
30;22;9.24
30;26;57.42
30;29;54.86
30;31;98.53
30;32;31.90
30;34;8.64
30;35;30.15
30;38;80.28
30;39;21.47
30;51;49.79
30;52;41.90
30;54;38.24
30;74;25.51
31;17;20.15
31;20;3.94
31;21;48.95
31;22;95.93
31;24;89.73
31;30;98.53
31;35;39.54
31;36;69.42
31;37;47.45
31;38;43.50
31;40;80.64
31;43;95.10
31;49;20.46
31;52;68.95
31;62;68.81
32;6;50.94
32;11;67.15
32;17;96.78
32;19;47.59
32;23;34.96
32;24;74.61
32;25;57.30
32;28;53.08
32;29;27.05
32;30;31.90
32;34;66.75
32;41;43.03
32;44;72.98
32;49;54.41
32;71;26.27
33;19;53.54
33;20;65.30
33;23;3.33
33;25;70.37
33;29;32.33
33;34;23.91
33;37;85.10
33;40;6.23
33;42;28.11
33;46;54.55
33;47;13.67
33;49;25.92
33;52;57.62
33;53;12.42
33;90;46.32
34;15;8.05
34;19;16.99
34;27;87.09
34;28;59.05
34;30;8.64
34;32;66.75
34;33;23.91
34;35;76.19
34;38;95.71
34;39;57.05
34;40;71.47
34;41;27.72
34;43;66.32
34;60;61.89
34;71;66.21
35;15;85.72
35;18;14.61
35;21;58.31
35;22;68.92
35;25;84.50
35;27;83.01
35;30;30.15
35;31;39.54
35;34;76.19
35;36;100.42
35;38;46.41
35;39;97.20
35;40;2.73
35;41;73.25
35;46;14.16
36;4;36.63
36;15;24.96
36;19;21.68
36;21;16.56
36;23;36.72
36;24;100.23
36;26;61.64
36;29;97.42
36;31;69.42
36;35;100.42
36;37;28.91
36;38;35.93
36;42;63.11
36;44;60.55
36;55;27.06
37;1;28.34
37;19;50.29
37;21;40.01
37;23;79.16
37;27;32.93
37;29;16.95
37;31;47.45
37;33;85.10
37;36;28.91
37;41;48.12
37;42;28.64
37;47;91.76
37;52;83.39
37;73;43.19
37;84;37.09
38;16;14.12
38;24;82.90
38;30;80.28
38;31;43.50
38;34;95.71
38;35;46.41
38;36;35.93
38;39;5.62
38;40;22.36
38;43;2.44
38;49;44.03
38;55;33.85
38;58;52.40
38;62;36.71
38;67;74.33
39;16;29.92
39;18;52.77
39;21;24.28
39;30;21.47
39;34;57.05
39;35;97.20
39;38;5.62
39;40;3.68
39;45;44.96
39;47;95.66
39;52;60.48
39;58;87.44
39;60;47.55
39;64;23.91
39;69;89.53
40;25;45.01
40;26;73.85
40;28;9.25
40;31;80.64
40;33;6.23
40;34;71.47
40;35;2.73
40;38;22.36
40;39;3.68
40;42;76.80
40;47;34.42
40;48;85.63
40;51;33.54
40;59;39.32
40;78;73.07
41;16;51.23
41;17;17.22
41;32;43.03
41;34;27.72
41;35;73.25
41;37;48.12
41;42;15.03
41;43;90.14
41;44;89.63
41;45;38.30
41;51;87.88
41;54;39.41
41;63;34.69
41;73;37.00
41;91;51.25
42;22;77.61
42;24;25.25
42;33;28.11
42;36;63.11
42;37;28.64
42;40;76.80
42;41;15.03
42;43;31.42
42;45;33.25
42;46;15.91
42;48;92.90
42;54;54.69
42;56;43.51
42;57;12.63
42;73;79.85
43;20;8.42
43;22;55.15
43;23;30.77
43;31;95.10
43;34;66.32
43;38;2.44
43;41;90.14
43;42;31.42
43;44;99.95
43;45;19.36
43;46;75.56
43;50;46.19
43;60;25.92
43;62;56.12
43;64;22.53
44;25;94.02
44;26;49.56
44;28;25.30
44;32;72.98
44;36;60.55
44;41;89.63
44;43;99.95
44;45;64.40
44;46;54.31
44;48;79.09
44;53;29.69
44;60;91.66
44;61;69.62
44;72;15.00
44;75;42.38
45;15;10.46
45;21;15.82
45;27;21.69
45;39;44.96
45;41;38.30
45;42;33.25
45;43;19.36
45;44;64.40
45;46;42.60
45;47;76.13
45;49;85.47
45;50;77.96
45;53;3.57
45;55;69.14
45;56;13.99
46;17;100.37
46;29;84.06
46;33;54.55
46;35;14.16
46;42;15.91
46;43;75.56
46;44;54.31
46;45;42.60
46;49;46.92
46;51;69.94
46;55;10.43
46;57;43.72
46;66;52.91
46;76;57.49
46;119;59.18
47;22;66.37
47;33;13.67
47;37;91.76
47;39;95.66
47;40;34.42
47;45;76.13
47;53;21.90
47;54;45.27
47;55;11.88
47;57;98.33
47;60;18.52
47;63;87.95
47;69;15.76
47;81;14.01
47;129;12.01
48;7;70.66
48;17;91.52
48;21;44.36
48;40;85.63
48;42;92.90
48;44;79.09
48;50;77.86
48;51;72.58
48;54;30.99
48;60;92.41
48;61;92.55
48;63;27.64
48;66;80.41
48;80;4.13
48;84;72.24
49;28;43.62
49;31;20.46
49;32;54.41
49;33;25.92
49;38;44.03
49;45;85.47
49;46;46.92
49;57;72.91
49;58;78.14
49;61;74.37
49;62;44.31
49;66;69.72
49;77;21.42
49;81;50.81
49;96;80.08
50;24;77.86
50;25;7.84
50;28;50.85
50;29;52.64
50;43;46.19
50;45;77.96
50;48;77.86
50;52;15.80
50;53;69.74
50;57;2.88
50;58;32.64
50;60;76.90
50;61;61.76
50;66;24.42
50;77;42.59
51;22;44.57
51;25;17.43
51;27;34.56
51;30;49.79
51;40;33.54
51;41;87.88
51;46;69.94
51;48;72.58
51;54;1.73
51;61;34.22
51;64;12.44
51;68;13.97
51;77;39.33
51;82;51.15
51;87;86.73
52;18;58.94
52;30;41.90
52;31;68.95
52;33;57.62
52;37;83.39
52;39;60.48
52;50;15.80
52;54;56.60
52;55;82.20
52;61;22.04
52;66;57.84
52;69;63.07
52;72;65.69
52;92;86.29
52;95;47.58
53;10;22.74
53;21;74.23
53;33;12.42
53;44;29.69
53;45;3.57
53;47;21.90
53;50;69.74
53;55;38.60
53;58;64.21
53;61;67.72
53;64;15.12
53;65;30.37
53;68;38.34
53;69;57.78
53;70;44.30
54;30;38.24
54;41;39.41
54;42;54.69
54;47;45.27
54;48;30.99
54;51;1.73
54;52;56.60
54;55;9.06
54;56;3.54
54;59;69.26
54;60;3.62
54;63;40.05
54;67;10.43
54;70;12.77
54;93;98.53
55;36;27.06
55;38;33.85
55;45;69.14
55;46;10.43
55;47;11.88
55;52;82.20
55;53;38.60
55;54;9.06
55;59;44.15
55;60;49.74
55;61;88.13
55;63;98.04
55;65;88.52
55;73;20.70
55;126;49.47
56;20;57.43
56;42;43.51
56;45;13.99
56;54;3.54
56;57;32.12
56;58;67.28
56;59;30.70
56;62;98.58
56;64;24.76
56;72;28.28
56;75;26.15
56;83;84.59
56;85;48.64
56;95;77.62
56;96;89.79
57;42;12.63
57;46;43.72
57;47;98.33
57;49;72.91
57;50;2.88
57;56;32.12
57;58;39.59
57;59;61.53
57;62;46.70
57;64;78.00
57;65;59.57
57;71;12.30
57;75;37.92
57;78;13.28
57;82;48.19
58;3;10.79
58;38;52.40
58;39;87.44
58;49;78.14
58;50;32.64
58;53;64.21
58;56;67.28
58;57;39.59
58;59;84.67
58;65;74.67
58;67;91.42
58;69;76.69
58;75;80.73
58;78;68.85
58;81;11.14
59;40;39.32
59;54;69.26
59;55;44.15
59;56;30.70
59;57;61.53
59;58;84.67
59;60;77.46
59;62;32.95
59;63;84.76
59;65;84.28
59;66;81.19
59;68;73.44
59;70;22.24
59;71;38.98
59;85;27.86
60;19;64.20
60;23;23.70
60;25;27.41
60;34;61.89
60;39;47.55
60;43;25.92
60;44;91.66
60;47;18.52
60;48;92.41
60;50;76.90
60;54;3.62
60;55;49.74
60;59;77.46
60;76;82.23
60;146;63.74
61;44;69.62
61;48;92.55
61;49;74.37
61;50;61.76
61;51;34.22
61;52;22.04
61;53;67.72
61;55;88.13
61;69;85.47
61;72;30.21
61;74;82.50
61;75;30.27
61;100;73.97
61;102;45.38
61;108;50.10
62;31;68.81
62;38;36.71
62;43;56.12
62;49;44.31
62;56;98.58
62;57;46.70
62;59;32.95
62;63;69.14
62;66;38.04
62;67;14.69
62;72;57.07
62;75;53.11
62;79;82.84
62;81;64.93
62;83;74.49
63;26;50.33
63;41;34.69
63;47;87.95
63;48;27.64
63;54;40.05
63;55;98.04
63;59;84.76
63;62;69.14
63;65;4.69
63;69;47.65
63;71;25.22
63;72;18.52
63;86;72.13
63;87;44.62
63;95;2.69
64;39;23.91
64;43;22.53
64;51;12.44
64;53;15.12
64;56;24.76
64;57;78.00
64;65;35.64
64;68;74.40
64;69;51.63
64;70;77.91
64;71;87.64
64;91;1.02
64;98;16.14
64;110;25.68
64;176;15.30
65;53;30.37
65;55;88.52
65;57;59.57
65;58;74.67
65;59;84.28
65;63;4.69
65;64;35.64
65;67;100.01
65;68;9.12
65;69;41.16
65;71;30.72
65;74;11.97
65;76;53.18
65;79;52.26
65;84;12.54
66;27;34.69
66;46;52.91
66;48;80.41
66;49;69.72
66;50;24.42
66;52;57.84
66;59;81.19
66;62;38.04
66;69;11.56
66;70;37.71
66;71;29.48
66;74;56.02
66;94;99.35
66;97;25.09
66;108;62.05
67;23;67.01
67;38;74.33
67;54;10.43
67;58;91.42
67;62;14.69
67;65;100.01
67;69;60.07
67;71;45.91
67;72;46.79
67;76;55.32
67;79;17.38
67;85;28.07
67;87;85.84
67;91;18.64
67;109;10.50
68;51;13.97
68;53;38.34
68;59;73.44
68;64;74.40
68;65;9.12
68;70;12.92
68;71;43.21
68;72;54.90
68;79;6.52
68;84;38.73
68;87;89.34
68;90;33.83
68;92;86.39
68;102;14.15
68;103;9.54
69;39;89.53
69;47;15.76
69;52;63.07
69;53;57.78
69;58;76.69
69;61;85.47
69;63;47.65
69;64;51.63
69;65;41.16
69;66;11.56
69;67;60.07
69;78;29.13
69;80;40.69
69;85;7.22
69;106;61.96
70;53;44.30
70;54;12.77
70;59;22.24
70;64;77.91
70;66;37.71
70;68;12.92
70;72;26.69
70;74;13.43
70;76;23.64
70;78;80.33
70;79;65.53
70;80;77.41
70;81;80.52
70;88;70.16
70;89;56.17
71;28;25.24
71;32;26.27
71;34;66.21
71;57;12.30
71;59;38.98
71;63;25.22
71;64;87.64
71;65;30.72
71;66;29.48
71;67;45.91
71;68;43.21
71;75;80.81
71;77;65.78
71;80;66.74
71;84;32.32
72;22;54.03
72;44;15.00
72;52;65.69
72;56;28.28
72;61;30.21
72;62;57.07
72;63;18.52
72;67;46.79
72;68;54.90
72;70;26.69
72;75;12.76
72;76;36.49
72;81;45.98
72;82;30.57
72;87;97.93
73;37;43.19
73;41;37.00
73;42;79.85
73;55;20.70
73;74;49.87
73;76;5.00
73;77;60.49
73;80;44.99
73;81;39.46
73;84;58.51
73;88;22.53
73;93;41.59
73;99;46.24
73;100;28.99
73;102;55.06
74;15;30.64
74;24;45.69
74;30;25.51
74;61;82.50
74;65;11.97
74;66;56.02
74;70;13.43
74;73;49.87
74;75;10.15
74;77;89.23
74;79;44.01
74;80;43.07
74;82;12.79
74;89;13.59
74;96;92.45
75;44;42.38
75;56;26.15
75;57;37.92
75;58;80.73
75;61;30.27
75;62;53.11
75;71;80.81
75;72;12.76
75;74;10.15
75;80;1.44
75;81;21.12
75;90;85.49
75;91;32.75
75;93;52.98
75;97;47.38
76;46;57.49
76;60;82.23
76;65;53.18
76;67;55.32
76;70;23.64
76;72;36.49
76;73;5.00
76;78;12.38
76;79;91.12
76;84;57.91
76;88;67.01
76;91;55.15
76;95;35.27
76;104;15.42
76;111;49.48
77;49;21.42
77;50;42.59
77;51;39.33
77;71;65.78
77;73;60.49
77;74;89.23
77;78;64.07
77;79;60.17
77;81;50.29
77;85;54.31
77;86;14.62
77;87;76.20
77;93;17.91
77;95;42.07
77;143;40.88
78;40;73.07
78;57;13.28
78;58;68.85
78;69;29.13
78;70;80.33
78;76;12.38
78;77;64.07
78;82;47.50
78;83;9.71
78;86;96.59
78;87;64.56
78;92;88.23
78;97;17.43
78;98;53.69
78;100;95.93
79;62;82.84
79;65;52.26
79;67;17.38
79;68;6.52
79;70;65.53
79;74;44.01
79;76;91.12
79;77;60.17
79;82;88.03
79;83;19.70
79;84;84.31
79;85;39.05
79;90;4.43
79;98;87.13
79;104;85.51
80;17;52.22
80;48;4.13
80;69;40.69
80;70;77.41
80;71;66.74
80;73;44.99
80;74;43.07
80;75;1.44
80;83;68.46
80;84;29.60
80;92;63.31
80;97;91.39
80;100;56.80
80;102;11.54
80;110;68.02
81;47;14.01
81;49;50.81
81;58;11.14
81;62;64.93
81;70;80.52
81;72;45.98
81;73;39.46
81;75;21.12
81;77;50.29
81;82;27.87
81;85;23.91
81;87;85.74
81;92;86.59
81;94;100.24
81;95;46.34
82;51;51.15
82;57;48.19
82;72;30.57
82;74;12.79
82;78;47.50
82;79;88.03
82;81;27.87
82;83;52.32
82;87;54.38
82;88;20.37
82;92;13.67
82;94;15.77
82;97;19.23
82;100;51.77
82;112;42.72
83;56;84.59
83;62;74.49
83;78;9.71
83;79;19.70
83;80;68.46
83;82;52.32
83;84;89.74
83;86;66.17
83;87;74.81
83;88;64.22
83;90;57.56
83;94;18.46
83;95;52.18
83;97;77.77
83;131;70.91
84;21;70.74
84;37;37.09
84;48;72.24
84;65;12.54
84;68;38.73
84;71;32.32
84;73;58.51
84;76;57.91
84;79;84.31
84;80;29.60
84;83;89.74
84;87;87.18
84;88;4.91
84;111;30.37
84;116;63.37
85;56;48.64
85;59;27.86
85;67;28.07
85;69;7.22
85;77;54.31
85;79;39.05
85;81;23.91
85;86;27.23
85;88;93.05
85;94;11.37
85;96;53.71
85;97;72.24
85;100;32.17
85;103;72.57
85;112;14.24
86;63;72.13
86;77;14.62
86;78;96.59
86;83;66.17
86;85;27.23
86;88;62.64
86;89;66.35
86;91;75.84
86;96;83.95
86;98;52.13
86;99;61.81
86;106;42.77
86;114;13.09
86;116;75.71
86;152;81.19
87;51;86.73
87;63;44.62
87;67;85.84
87;68;89.34
87;72;97.93
87;77;76.20
87;78;64.56
87;81;85.74
87;82;54.38
87;83;74.81
87;84;87.18
87;95;30.82
87;101;35.92
87;109;89.68
87;113;48.09
88;70;70.16
88;73;22.53
88;76;67.01
88;82;20.37
88;83;64.22
88;84;4.91
88;85;93.05
88;86;62.64
88;89;88.83
88;90;82.26
88;93;48.40
88;95;13.71
88;101;50.88
88;112;54.33
88;116;65.55
89;70;56.17
89;74;13.59
89;86;66.35
89;88;88.83
89;92;93.05
89;93;12.16
89;96;15.55
89;97;19.02
89;98;46.95
89;99;93.08
89;100;60.39
89;106;97.18
89;109;47.83
89;113;38.31
89;117;60.35
90;33;46.32
90;68;33.83
90;75;85.49
90;79;4.43
90;83;57.56
90;88;82.26
90;92;51.97
90;93;82.19
90;94;16.82
90;96;10.12
90;98;19.55
90;105;10.76
90;111;85.33
90;112;30.22
90;137;92.74
91;41;51.25
91;64;1.02
91;67;18.64
91;75;32.75
91;76;55.15
91;86;75.84
91;92;28.55
91;95;53.20
91;98;17.48
91;99;81.10
91;101;41.32
91;104;39.71
91;107;73.22
91;127;74.47
91;130;2.34
92;52;86.29
92;68;86.39
92;78;88.23
92;80;63.31
92;81;86.59
92;82;13.67
92;89;93.05
92;90;51.97
92;91;28.55
92;94;46.13
92;96;80.54
92;101;33.46
92;106;34.08
92;123;74.51
92;133;46.54
93;54;98.53
93;73;41.59
93;75;52.98
93;77;17.91
93;88;48.40
93;89;12.16
93;90;82.19
93;95;66.70
93;101;92.89
93;103;12.53
93;105;73.37
93;107;18.42
93;123;21.84
93;129;69.68
93;144;72.61
94;66;99.35
94;81;100.24
94;82;15.77
94;83;18.46
94;85;11.37
94;90;16.82
94;92;46.13
94;95;82.69
94;96;76.54
94;97;93.83
94;98;91.58
94;99;80.68
94;105;2.06
94;114;19.07
94;116;77.33
95;52;47.58
95;56;77.62
95;63;2.69
95;76;35.27
95;77;42.07
95;81;46.34
95;83;52.18
95;87;30.82
95;88;13.71
95;91;53.20
95;93;66.70
95;94;82.69
95;101;86.02
95;103;85.24
95;109;96.05
96;49;80.08
96;56;89.79
96;74;92.45
96;85;53.71
96;86;83.95
96;89;15.55
96;90;10.12
96;92;80.54
96;94;76.54
96;97;64.42
96;107;59.96
96;108;5.69
96;111;34.09
96;115;35.57
96;126;62.78
97;66;25.09
97;75;47.38
97;78;17.43
97;80;91.39
97;82;19.23
97;83;77.77
97;85;72.24
97;89;19.02
97;94;93.83
97;96;64.42
97;101;61.71
97;108;40.71
97;109;71.40
97;122;40.88
97;152;52.60
98;64;16.14
98;78;53.69
98;79;87.13
98;86;52.13
98;89;46.95
98;90;19.55
98;91;17.48
98;94;91.58
98;101;78.76
98;102;74.50
98;108;50.01
98;113;57.46
98;116;73.90
98;136;26.16
98;138;64.13
99;73;46.24
99;86;61.81
99;89;93.08
99;91;81.10
99;94;80.68
99;101;62.78
99;102;95.82
99;107;10.03
99;108;36.83
99;113;55.58
99;122;5.65
99;124;15.60
99;129;27.63
99;131;17.32
99;145;8.71
100;61;73.97
100;73;28.99
100;78;95.93
100;80;56.80
100;82;51.77
100;85;32.17
100;89;60.39
100;102;16.92
100;103;78.89
100;106;24.78
100;111;77.04
100;115;7.15
100;119;30.91
100;120;88.43
100;131;9.30
101;87;35.92
101;88;50.88
101;91;41.32
101;92;33.46
101;93;92.89
101;95;86.02
101;97;61.71
101;98;78.76
101;99;62.78
101;103;57.63
101;104;92.37
101;106;36.40
101;113;77.10
101;114;62.06
101;128;41.43
102;61;45.38
102;68;14.15
102;73;55.06
102;80;11.54
102;98;74.50
102;99;95.82
102;100;16.92
102;106;82.57
102;107;65.93
102;108;20.71
102;111;18.52
102;112;1.00
102;113;57.02
102;119;17.54
102;120;86.34
103;68;9.54
103;85;72.57
103;93;12.53
103;95;85.24
103;100;78.89
103;101;57.63
103;104;65.94
103;105;11.67
103;108;43.78
103;109;74.67
103;110;6.20
103;111;13.68
103;114;25.75
103;127;98.06
103;131;66.30
104;76;15.42
104;79;85.51
104;91;39.71
104;101;92.37
104;103;65.94
104;106;97.55
104;110;21.67
104;111;32.89
104;113;62.32
104;114;39.95
104;123;62.45
104;128;67.36
104;132;70.40
104;142;20.49
104;151;25.06
105;90;10.76
105;93;73.37
105;94;2.06
105;103;11.67
105;107;92.06
105;108;87.62
105;109;63.95
105;110;43.20
105;112;82.39
105;113;61.11
105;114;60.68
105;121;80.02
105;135;34.65
105;137;89.59
105;192;24.53
106;69;61.96
106;86;42.77
106;89;97.18
106;92;34.08
106;100;24.78
106;101;36.40
106;102;82.57
106;104;97.55
106;109;10.08
106;113;57.06
106;122;63.39
106;123;88.25
106;126;83.82
106;128;84.02
106;132;24.15
107;91;73.22
107;93;18.42
107;96;59.96
107;99;10.03
107;102;65.93
107;105;92.06
107;108;55.29
107;111;76.71
107;113;77.56
107;118;93.22
107;119;23.90
107;120;57.43
107;126;3.36
107;129;39.13
107;148;74.31
108;61;50.10
108;66;62.05
108;96;5.69
108;97;40.71
108;98;50.01
108;99;36.83
108;102;20.71
108;103;43.78
108;105;87.62
108;107;55.29
108;116;44.58
108;122;20.25
108;138;28.70
108;139;63.36
108;156;60.06
109;67;10.50
109;87;89.68
109;89;47.83
109;95;96.05
109;97;71.40
109;103;74.67
109;105;63.95
109;106;10.08
109;110;2.24
109;112;33.96
109;114;1.96
109;116;28.41
109;118;19.57
109;125;47.41
109;158;100.37
110;64;25.68
110;80;68.02
110;103;6.20
110;104;21.67
110;105;43.20
110;109;2.24
110;111;16.24
110;112;41.78
110;113;92.02
110;114;54.00
110;115;53.70
110;123;89.53
110;133;99.13
110;138;7.91
110;154;30.60
111;76;49.48
111;84;30.37
111;90;85.33
111;96;34.09
111;100;77.04
111;102;18.52
111;103;13.68
111;104;32.89
111;107;76.71
111;110;16.24
111;112;54.53
111;119;67.27
111;122;82.24
111;126;14.01
111;154;27.18
112;82;42.72
112;85;14.24
112;88;54.33
112;90;30.22
112;102;1.00
112;105;82.39
112;109;33.96
112;110;41.78
112;111;54.53
112;114;8.14
112;115;62.63
112;118;91.06
112;119;19.97
112;146;32.00
112;171;60.01
113;87;48.09
113;89;38.31
113;98;57.46
113;99;55.58
113;101;77.10
113;102;57.02
113;104;62.32
113;105;61.11
113;106;57.06
113;107;77.56
113;110;92.02
113;116;1.23
113;124;51.66
113;140;24.23
113;143;21.97
114;86;13.09
114;94;19.07
114;101;62.06
114;103;25.75
114;104;39.95
114;105;60.68
114;109;1.96
114;110;54.00
114;112;8.14
114;116;85.49
114;118;61.68
114;122;17.12
114;125;34.77
114;129;46.38
114;141;57.31
115;96;35.57
115;100;7.15
115;110;53.70
115;112;62.63
115;117;66.50
115;118;89.01
115;119;82.53
115;120;57.29
115;122;1.75
115;125;95.05
115;127;34.16
115;128;84.37
115;136;29.14
115;147;24.60
115;151;51.70
116;84;63.37
116;86;75.71
116;88;65.55
116;94;77.33
116;98;73.90
116;108;44.58
116;109;28.41
116;113;1.23
116;114;85.49
116;117;77.07
116;119;33.77
116;120;24.01
116;134;78.84
116;135;35.77
116;143;43.31
117;89;60.35
117;115;66.50
117;116;77.07
117;119;91.67
117;120;23.39
117;121;92.31
117;122;87.81
117;123;36.94
117;124;74.63
117;129;93.55
117;130;14.33
117;131;41.45
117;136;14.05
117;143;19.38
117;158;92.57
118;107;93.22
118;109;19.57
118;112;91.06
118;114;61.68
118;115;89.01
118;119;24.83
118;123;58.24
118;125;13.39
118;126;78.16
118;127;76.31
118;134;66.85
118;140;90.62
118;145;83.91
118;155;51.49
118;168;46.64
119;46;59.18
119;100;30.91
119;102;17.54
119;107;23.90
119;111;67.27
119;112;19.97
119;115;82.53
119;116;33.77
119;117;91.67
119;118;24.83
119;120;100.81
119;122;46.49
119;129;49.07
119;137;83.46
119;150;67.98
120;100;88.43
120;102;86.34
120;107;57.43
120;115;57.29
120;116;24.01
120;117;23.39
120;119;100.81
120;123;65.37
120;127;76.24
120;130;37.83
120;131;97.52
120;134;34.49
120;141;83.50
120;151;47.12
120;154;40.46
121;105;80.02
121;117;92.31
121;122;82.92
121;123;99.61
121;124;87.55
121;125;31.45
121;127;90.34
121;130;25.77
121;131;62.42
121;136;71.37
121;137;45.37
121;141;54.28
121;149;99.83
121;164;8.97
121;182;70.72
122;97;40.88
122;99;5.65
122;106;63.39
122;108;20.25
122;111;82.24
122;114;17.12
122;115;1.75
122;117;87.81
122;119;46.49
122;121;82.92
122;124;61.65
122;129;62.35
122;130;86.36
122;133;47.24
122;152;88.46
123;92;74.51
123;93;21.84
123;104;62.45
123;106;88.25
123;110;89.53
123;117;36.94
123;118;58.24
123;120;65.37
123;121;99.61
123;126;94.27
123;131;52.83
123;132;31.46
123;135;59.19
123;140;57.72
123;155;18.41
124;99;15.60
124;113;51.66
124;117;74.63
124;121;87.55
124;122;61.65
124;126;75.60
124;127;14.05
124;128;37.85
124;129;14.30
124;132;27.32
124;133;21.65
124;134;29.69
124;144;50.54
124;147;7.70
124;150;16.81
125;109;47.41
125;114;34.77
125;115;95.05
125;118;13.39
125;121;31.45
125;126;54.33
125;128;13.11
125;132;40.22
125;138;60.49
125;139;90.47
125;142;22.50
125;144;30.81
125;147;50.83
125;152;48.99
125;156;83.54
126;55;49.47
126;96;62.78
126;106;83.82
126;107;3.36
126;111;14.01
126;118;78.16
126;123;94.27
126;124;75.60
126;125;54.33
126;127;79.96
126;129;23.11
126;130;62.77
126;136;92.30
126;151;41.08
126;182;64.52
127;91;74.47
127;103;98.06
127;115;34.16
127;118;76.31
127;120;76.24
127;121;90.34
127;124;14.05
127;126;79.96
127;128;11.63
127;132;30.39
127;135;26.61
127;145;35.17
127;155;53.39
127;159;68.64
127;181;2.97
128;101;41.43
128;104;67.36
128;106;84.02
128;115;84.37
128;124;37.85
128;125;13.11
128;127;11.63
128;131;30.44
128;132;85.78
128;133;23.21
128;135;8.65
128;136;42.24
128;151;21.26
128;167;55.27
128;193;75.97
129;47;12.01
129;93;69.68
129;99;27.63
129;107;39.13
129;114;46.38
129;117;93.55
129;119;49.07
129;122;62.35
129;124;14.30
129;126;23.11
129;132;76.18
129;137;16.95
129;142;82.25
129;148;36.16
129;154;60.52
130;91;2.34
130;117;14.33
130;120;37.83
130;121;25.77
130;122;86.36
130;126;62.77
130;132;65.35
130;133;73.32
130;137;40.17
130;141;38.63
130;150;17.83
130;153;34.87
130;155;32.91
130;163;71.43
130;180;82.87
131;83;70.91
131;99;17.32
131;100;9.30
131;103;66.30
131;117;41.45
131;120;97.52
131;121;62.42
131;123;52.83
131;128;30.44
131;134;52.51
131;140;77.34
131;142;88.83
131;146;13.31
131;156;45.64
131;172;36.87
132;104;70.40
132;106;24.15
132;123;31.46
132;124;27.32
132;125;40.22
132;127;30.39
132;128;85.78
132;129;76.18
132;130;65.35
132;133;19.79
132;134;73.16
132;136;7.41
132;139;89.20
132;140;99.70
132;147;53.29
133;92;46.54
133;110;99.13
133;122;47.24
133;124;21.65
133;128;23.21
133;130;73.32
133;132;19.79
133;134;48.92
133;135;62.92
133;137;100.42
133;139;87.54
133;156;39.57
133;159;59.48
133;164;53.90
133;181;6.02
134;116;78.84
134;118;66.85
134;120;34.49
134;124;29.69
134;131;52.51
134;132;73.16
134;133;48.92
134;136;37.22
134;137;47.14
134;139;42.88
134;141;50.69
134;142;31.82
134;145;91.44
134;146;14.17
134;147;70.03
135;105;34.65
135;116;35.77
135;123;59.19
135;127;26.61
135;128;8.65
135;133;62.92
135;136;83.93
135;137;16.73
135;141;29.09
135;144;3.85
135;146;25.39
135;147;77.49
135;151;3.24
135;161;67.47
135;180;4.04
136;98;26.16
136;115;29.14
136;117;14.05
136;121;71.37
136;126;92.30
136;128;42.24
136;132;7.41
136;134;37.22
136;135;83.93
136;137;54.70
136;139;3.73
136;141;45.17
136;147;96.19
136;160;82.47
136;191;65.73
137;90;92.74
137;105;89.59
137;119;83.46
137;121;45.37
137;129;16.95
137;130;40.17
137;133;100.42
137;134;47.14
137;135;16.73
137;136;54.70
137;138;6.64
137;144;81.20
137;157;53.46
137;158;61.96
137;163;67.78
138;98;64.13
138;108;28.70
138;110;7.91
138;125;60.49
138;137;6.64
138;139;71.10
138;143;47.37
138;145;9.29
138;150;26.83
138;154;14.67
138;155;76.57
138;158;24.42
138;164;20.79
138;167;50.31
138;194;45.04
139;108;63.36
139;125;90.47
139;132;89.20
139;133;87.54
139;134;42.88
139;136;3.73
139;138;71.10
139;140;47.14
139;142;63.13
139;146;64.86
139;157;72.53
139;162;34.24
139;165;43.70
139;187;26.74
139;197;44.50
140;113;24.23
140;118;90.62
140;123;57.72
140;131;77.34
140;132;99.70
140;139;47.14
140;142;89.42
140;144;94.32
140;148;100.64
140;150;10.09
140;153;35.74
140;156;49.62
140;157;18.56
140;170;65.63
140;212;55.47
141;114;57.31
141;120;83.50
141;121;54.28
141;130;38.63
141;134;50.69
141;135;29.09
141;136;45.17
141;143;61.46
141;144;77.28
141;145;28.89
141;147;19.65
141;148;57.61
141;149;55.82
141;176;30.70
141;211;4.42
142;104;20.49
142;125;22.50
142;129;82.25
142;131;88.83
142;134;31.82
142;139;63.13
142;140;89.42
142;143;70.41
142;149;98.31
142;151;24.85
142;156;44.61
142;159;99.70
142;162;87.19
142;171;44.53
142;179;6.32
143;77;40.88
143;113;21.97
143;116;43.31
143;117;19.38
143;138;47.37
143;141;61.46
143;142;70.41
143;144;15.80
143;147;39.88
143;148;14.25
143;157;69.73
143;158;52.69
143;159;97.83
143;161;59.82
143;193;1.04
144;93;72.61
144;124;50.54
144;125;30.81
144;135;3.85
144;137;81.20
144;140;94.32
144;141;77.28
144;143;15.80
144;147;89.68
144;148;41.18
144;152;45.74
144;156;57.94
144;160;70.48
144;167;54.47
144;173;9.39
145;99;8.71
145;118;83.91
145;127;35.17
145;134;91.44
145;138;9.29
145;141;28.89
145;146;17.26
145;149;62.53
145;151;89.35
145;153;54.40
145;157;34.90
145;159;17.02
145;160;18.58
145;164;11.83
145;178;48.78
146;60;63.74
146;112;32.00
146;131;13.31
146;134;14.17
146;135;25.39
146;139;64.86
146;145;17.26
146;148;49.53
146;156;52.50
146;157;76.98
146;158;13.29
146;162;25.45
146;166;93.79
146;182;82.35
146;193;10.43
147;115;24.60
147;124;7.70
147;125;50.83
147;132;53.29
147;134;70.03
147;135;77.49
147;136;96.19
147;141;19.65
147;143;39.88
147;144;89.68
147;155;100.12
147;156;39.25
147;157;72.47
147;161;17.13
147;181;33.72
148;107;74.31
148;129;36.16
148;140;100.64
148;141;57.61
148;143;14.25
148;144;41.18
148;146;49.53
148;149;98.48
148;153;5.39
148;154;20.80
148;155;73.56
148;157;88.35
148;165;17.14
148;169;66.06
148;172;72.13
149;121;99.83
149;141;55.82
149;142;98.31
149;145;62.53
149;148;98.48
149;150;79.59
149;152;50.60
149;153;84.21
149;154;88.58
149;156;16.98
149;160;68.19
149;163;4.20
149;165;3.20
149;170;8.67
149;183;38.98
150;119;67.98
150;124;16.81
150;130;17.83
150;138;26.83
150;140;10.09
150;149;79.59
150;151;68.90
150;152;59.78
150;154;81.05
150;160;15.19
150;170;83.41
150;173;39.20
150;174;26.20
150;190;90.55
150;191;4.07
151;104;25.06
151;115;51.70
151;120;47.12
151;126;41.08
151;128;21.26
151;135;3.24
151;142;24.85
151;145;89.35
151;150;68.90
151;162;58.89
151;164;26.21
151;166;63.29
151;170;35.71
151;175;87.77
151;184;25.10
152;86;81.19
152;97;52.60
152;122;88.46
152;125;48.99
152;144;45.74
152;149;50.60
152;150;59.78
152;155;10.54
152;157;42.68
152;159;63.60
152;163;32.98
152;167;17.62
152;168;94.71
152;169;1.02
152;195;89.60
153;130;34.87
153;140;35.74
153;145;54.40
153;148;5.39
153;149;84.21
153;154;95.43
153;155;62.58
153;160;82.04
153;165;84.58
153;167;62.74
153;179;50.61
153;188;28.48
153;208;30.40
153;210;65.64
153;211;2.93
154;110;30.60
154;111;27.18
154;120;40.46
154;129;60.52
154;138;14.67
154;148;20.80
154;149;88.58
154;150;81.05
154;153;95.43
154;160;65.54
154;163;10.83
154;170;56.47
154;175;48.77
154;178;99.34
154;184;82.05
155;118;51.49
155;123;18.41
155;127;53.39
155;130;32.91
155;138;76.57
155;147;100.12
155;148;73.56
155;152;10.54
155;153;62.58
155;159;56.48
155;163;58.53
155;164;47.90
155;166;86.92
155;178;82.16
155;187;66.46
156;108;60.06
156;125;83.54
156;131;45.64
156;133;39.57
156;140;49.62
156;142;44.61
156;144;57.94
156;146;52.50
156;147;39.25
156;149;16.98
156;157;84.27
156;163;53.77
156;164;24.06
156;173;78.97
156;194;73.71
157;137;53.46
157;139;72.53
157;140;18.56
157;143;69.73
157;145;34.90
157;146;76.98
157;147;72.47
157;148;88.35
157;152;42.68
157;156;84.27
157;158;90.18
157;162;28.50
157;166;27.60
157;180;12.32
157;191;49.56
158;109;100.37
158;117;92.57
158;137;61.96
158;138;24.42
158;143;52.69
158;146;13.29
158;157;90.18
158;160;47.61
158;161;45.18
158;162;3.87
158;165;43.78
158;168;91.17
158;172;40.29
158;175;43.28
158;181;98.65
159;127;68.64
159;133;59.48
159;142;99.70
159;143;97.83
159;145;17.02
159;152;63.60
159;155;56.48
159;161;35.08
159;162;20.34
159;164;11.08
159;165;100.51
159;166;15.25
159;168;66.84
159;170;20.76
159;179;62.35
160;136;82.47
160;144;70.48
160;145;18.58
160;149;68.19
160;150;15.19
160;153;82.04
160;154;65.54
160;158;47.61
160;162;63.55
160;166;97.71
160;167;3.22
160;168;45.39
160;175;22.74
160;180;61.09
160;200;56.56
161;135;67.47
161;143;59.82
161;147;17.13
161;158;45.18
161;159;35.08
161;164;8.32
161;165;11.08
161;166;92.45
161;167;37.51
161;168;20.57
161;169;94.20
161;176;32.84
161;178;21.62
161;202;68.14
161;221;61.63
162;139;34.24
162;142;87.19
162;146;25.45
162;151;58.89
162;157;28.50
162;158;3.87
162;159;20.34
162;160;63.55
162;164;49.74
162;168;13.31
162;173;100.97
162;179;98.63
162;180;24.00
162;187;43.95
162;195;19.44
163;130;71.43
163;137;67.78
163;149;4.20
163;152;32.98
163;154;10.83
163;155;58.53
163;156;53.77
163;167;89.81
163;169;66.51
163;172;56.54
163;185;74.21
163;187;90.92
163;188;6.41
163;189;38.89
163;201;58.32
164;121;8.97
164;133;53.90
164;138;20.79
164;145;11.83
164;151;26.21
164;155;47.90
164;156;24.06
164;159;11.08
164;161;8.32
164;162;49.74
164;170;56.93
164;176;49.01
164;178;33.47
164;185;3.45
164;204;20.74
165;139;43.70
165;148;17.14
165;149;3.20
165;153;84.58
165;158;43.78
165;159;100.51
165;161;11.08
165;166;36.03
165;167;22.25
165;171;53.37
165;178;75.10
165;179;53.50
165;193;56.94
165;195;76.48
165;208;22.25
166;146;93.79
166;151;63.29
166;155;86.92
166;157;27.60
166;159;15.25
166;160;97.71
166;161;92.45
166;165;36.03
166;168;23.15
166;176;81.54
166;177;97.03
166;178;21.02
166;184;82.26
166;190;72.71
166;200;69.64
167;128;55.27
167;138;50.31
167;144;54.47
167;152;17.62
167;153;62.74
167;160;3.22
167;161;37.51
167;163;89.81
167;165;22.25
167;168;78.60
167;173;3.58
167;174;5.71
167;185;95.50
167;187;6.06
167;214;32.35
168;118;46.64
168;152;94.71
168;158;91.17
168;159;66.84
168;160;45.39
168;161;20.57
168;162;13.31
168;166;23.15
168;167;78.60
168;170;39.02
168;172;80.23
168;178;80.47
168;180;20.45
168;182;98.94
168;187;63.16
169;148;66.06
169;152;1.02
169;161;94.20
169;163;66.51
169;172;34.26
169;173;19.16
169;174;37.14
169;175;5.67
169;176;22.76
169;177;51.43
169;178;28.67
169;182;12.41
169;183;4.92
169;186;22.23
169;243;75.75
170;140;65.63
170;149;8.67
170;150;83.41
170;151;35.71
170;154;56.47
170;159;20.76
170;164;56.93
170;168;39.02
170;171;73.09
170;172;8.50
170;174;41.15
170;179;83.40
170;185;55.18
170;202;41.50
170;207;25.44
171;112;60.01
171;142;44.53
171;165;53.37
171;170;73.09
171;175;77.24
171;176;47.91
171;179;54.27
171;180;23.50
171;181;40.59
171;184;56.87
171;185;53.23
171;195;48.96
171;197;58.57
171;206;74.74
171;216;16.11
172;131;36.87
172;148;72.13
172;158;40.29
172;163;56.54
172;168;80.23
172;169;34.26
172;170;8.50
172;174;43.79
172;175;70.05
172;176;8.90
172;177;61.40
172;180;95.14
172;182;44.81
172;183;29.28
172;208;80.15
173;144;9.39
173;150;39.20
173;156;78.97
173;162;100.97
173;167;3.58
173;169;19.16
173;174;15.18
173;176;23.25
173;177;10.86
173;179;46.68
173;181;55.62
173;183;78.06
173;188;84.69
173;191;87.14
173;209;69.57
174;150;26.20
174;167;5.71
174;169;37.14
174;170;41.15
174;172;43.79
174;173;15.18
174;175;83.92
174;176;78.15
174;183;99.24
174;184;52.01
174;188;9.75
174;193;20.90
174;202;84.87
174;212;87.33
174;224;80.29
175;151;87.77
175;154;48.77
175;158;43.28
175;160;22.74
175;169;5.67
175;171;77.24
175;172;70.05
175;174;83.92
175;176;16.38
175;177;78.39
175;179;7.24
175;180;89.26
175;184;30.42
175;186;27.78
175;188;15.89
176;64;15.30
176;141;30.70
176;161;32.84
176;164;49.01
176;166;81.54
176;169;22.76
176;171;47.91
176;172;8.90
176;173;23.25
176;174;78.15
176;175;16.38
176;180;84.41
176;182;28.24
176;184;13.17
176;203;70.04
177;166;97.03
177;169;51.43
177;172;61.40
177;173;10.86
177;175;78.39
177;178;86.53
177;179;99.17
177;180;67.85
177;181;11.90
177;190;48.95
177;191;44.16
177;193;100.75
177;194;39.66
177;196;11.87
177;210;65.83
178;145;48.78
178;154;99.34
178;155;82.16
178;161;21.62
178;164;33.47
178;165;75.10
178;166;21.02
178;168;80.47
178;169;28.67
178;177;86.53
178;179;5.81
178;184;66.56
178;186;56.84
178;209;92.45
178;231;84.10
179;142;6.32
179;153;50.61
179;159;62.35
179;162;98.63
179;165;53.50
179;170;83.40
179;171;54.27
179;173;46.68
179;175;7.24
179;177;99.17
179;178;5.81
179;182;63.14
179;184;20.52
179;218;88.21
179;227;97.01
180;130;82.87
180;135;4.04
180;157;12.32
180;160;61.09
180;162;24.00
180;168;20.45
180;171;23.50
180;172;95.14
180;175;89.26
180;176;84.41
180;177;67.85
180;185;99.22
180;187;84.13
180;190;50.30
180;217;15.73
181;127;2.97
181;133;6.02
181;147;33.72
181;158;98.65
181;171;40.59
181;173;55.62
181;177;11.90
181;183;2.52
181;185;15.16
181;187;70.21
181;188;30.87
181;194;28.64
181;198;1.47
181;203;41.31
181;213;39.00
182;121;70.72
182;126;64.52
182;146;82.35
182;168;98.94
182;169;12.41
182;172;44.81
182;176;28.24
182;179;63.14
182;183;93.96
182;184;84.02
182;188;27.77
182;190;28.25
182;205;56.93
182;212;64.67
182;214;70.79
183;149;38.98
183;169;4.92
183;172;29.28
183;173;78.06
183;174;99.24
183;181;2.52
183;182;93.96
183;185;43.76
183;187;46.41
183;188;37.63
183;189;97.50
183;190;25.74
183;198;25.91
183;202;69.59
183;229;14.81
184;151;25.10
184;154;82.05
184;166;82.26
184;171;56.87
184;174;52.01
184;175;30.42
184;176;13.17
184;178;66.56
184;179;20.52
184;182;84.02
184;185;77.81
184;186;51.82
184;188;32.06
184;192;16.37
184;199;41.06
185;163;74.21
185;164;3.45
185;167;95.50
185;170;55.18
185;171;53.23
185;180;99.22
185;181;15.16
185;183;43.76
185;184;77.81
185;187;30.49
185;189;71.93
185;196;3.89
185;208;21.06
185;211;4.17
185;222;91.46
186;169;22.23
186;175;27.78
186;178;56.84
186;184;51.82
186;187;25.99
186;188;38.70
186;190;99.03
186;192;97.06
186;193;67.51
186;198;53.74
186;199;49.85
186;204;67.99
186;214;80.04
186;219;40.03
186;230;75.39
187;139;26.74
187;155;66.46
187;162;43.95
187;163;90.92
187;167;6.06
187;168;63.16
187;180;84.13
187;181;70.21
187;183;46.41
187;185;30.49
187;186;25.99
187;189;90.63
187;192;30.40
187;205;75.55
187;230;16.24
188;153;28.48
188;163;6.41
188;173;84.69
188;174;9.75
188;175;15.89
188;181;30.87
188;182;27.77
188;183;37.63
188;184;32.06
188;186;38.70
188;190;1.74
188;193;58.37
188;195;46.80
188;199;62.29
188;202;84.96
189;163;38.89
189;183;97.50
189;185;71.93
189;187;90.63
189;192;76.52
189;194;57.23
189;195;91.20
189;196;68.85
189;197;16.24
189;201;72.47
189;206;11.02
189;211;81.94
189;213;21.91
189;216;31.25
189;239;50.29
190;150;90.55
190;166;72.71
190;177;48.95
190;180;50.30
190;182;28.25
190;183;25.74
190;186;99.03
190;188;1.74
190;191;30.43
190;192;22.24
190;199;100.21
190;204;67.00
190;207;77.59
190;212;62.36
190;221;53.31
191;136;65.73
191;150;4.07
191;157;49.56
191;173;87.14
191;177;44.16
191;190;30.43
191;194;54.42
191;195;20.43
191;196;63.37
191;199;11.99
191;201;6.11
191;207;78.83
191;214;86.81
191;222;91.16
191;227;64.86
192;105;24.53
192;184;16.37
192;186;97.06
192;187;30.40
192;189;76.52
192;190;22.24
192;193;35.11
192;195;20.93
192;197;57.61
192;200;21.54
192;201;87.74
192;208;72.75
192;212;22.54
192;217;48.02
192;218;12.19
193;128;75.97
193;143;1.04
193;146;10.43
193;165;56.94
193;174;20.90
193;177;100.75
193;186;67.51
193;188;58.37
193;192;35.11
193;196;45.49
193;197;58.11
193;198;45.86
193;204;53.74
193;210;4.28
193;217;48.73
194;138;45.04
194;156;73.71
194;177;39.66
194;181;28.64
194;189;57.23
194;191;54.42
194;196;67.26
194;199;12.49
194;200;84.76
194;203;62.49
194;205;18.09
194;209;19.17
194;215;79.25
194;217;55.46
194;220;84.04
195;152;89.60
195;162;19.44
195;165;76.48
195;171;48.96
195;188;46.80
195;189;91.20
195;191;20.43
195;192;20.93
195;199;41.89
195;200;42.57
195;205;1.92
195;209;30.68
195;210;8.43
195;222;96.13
195;223;77.77
196;177;11.87
196;185;3.89
196;189;68.85
196;191;63.37
196;193;45.49
196;194;67.26
196;197;15.50
196;200;76.67
196;202;72.70
196;204;10.64
196;209;15.91
196;210;36.40
196;213;36.84
196;214;50.50
196;227;20.96
197;139;44.50
197;171;58.57
197;189;16.24
197;192;57.61
197;193;58.11
197;196;15.50
197;198;79.96
197;199;36.03
197;200;7.67
197;201;56.65
197;202;36.17
197;205;86.55
197;206;50.95
197;219;14.44
197;222;22.23
198;181;1.47
198;183;25.91
198;186;53.74
198;193;45.86
198;197;79.96
198;199;74.37
198;200;58.43
198;204;31.30
198;205;31.78
198;208;56.32
198;211;65.50
198;217;25.56
198;221;43.75
198;225;79.75
198;263;60.46
199;184;41.06
199;186;49.85
199;188;62.29
199;190;100.21
199;191;11.99
199;194;12.49
199;195;41.89
199;197;36.03
199;198;74.37
199;200;27.46
199;201;6.16
199;203;99.77
199;211;36.72
199;216;56.03
199;233;21.95
200;160;56.56
200;166;69.64
200;192;21.54
200;194;84.76
200;195;42.57
200;196;76.67
200;197;7.67
200;198;58.43
200;199;27.46
200;202;62.46
200;203;22.33
200;205;84.28
200;213;39.75
200;222;39.67
200;268;72.64
201;163;58.32
201;189;72.47
201;191;6.11
201;192;87.74
201;197;56.65
201;199;6.16
201;202;4.03
201;207;31.39
201;213;46.43
201;217;29.93
201;218;48.19
201;227;20.20
201;241;45.54
201;251;24.85
201;269;53.74
202;161;68.14
202;170;41.50
202;174;84.87
202;183;69.59
202;188;84.96
202;196;72.70
202;197;36.17
202;200;62.46
202;201;4.03
202;203;9.46
202;207;45.56
202;208;19.27
202;209;51.76
202;212;48.46
202;217;28.25
203;176;70.04
203;181;41.31
203;194;62.49
203;199;99.77
203;200;22.33
203;202;9.46
203;204;67.00
203;206;52.22
203;208;65.54
203;211;99.33
203;212;99.91
203;213;50.55
203;217;91.72
203;223;42.58
203;229;30.42
204;164;20.74
204;186;67.99
204;190;67.00
204;193;53.74
204;196;10.64
204;198;31.30
204;203;67.00
204;205;21.07
204;207;96.55
204;213;71.36
204;216;98.14
204;222;77.49
204;228;58.59
204;236;13.92
204;257;78.50
205;182;56.93
205;187;75.55
205;194;18.09
205;195;1.92
205;197;86.55
205;198;31.78
205;200;84.28
205;204;21.07
205;208;74.94
205;212;96.85
205;213;39.41
205;215;14.17
205;220;99.89
205;225;96.89
205;248;29.87
206;171;74.74
206;189;11.02
206;197;50.95
206;203;52.22
206;207;26.34
206;208;44.28
206;209;75.25
206;214;30.22
206;215;12.24
206;221;88.54
206;222;39.44
206;227;63.05
206;234;37.51
206;236;24.54
206;242;17.18
207;170;25.44
